0 9996 2 2 0 
1 9995 3 2 0 
2 9992 6 2 0 
3 9992 6 2 0 
4 9991 7 2 0 
5 9990 8 2 0 
6 9990 8 2 0 
7 9990 8 2 0 
8 9988 10 0 2 
9 9988 10 0 2 
10 9988 10 0 2 
11 9988 7 3 2 
12 9986 6 6 2 
13 9982 10 6 2 
14 9978 13 7 2 
15 9975 15 8 2 
16 9973 17 8 2 
17 9972 18 8 2 
18 9969 19 7 5 
19 9967 21 4 8 
20 9967 21 4 8 
21 9966 22 3 9 
22 9966 20 4 10 
23 9964 18 8 10 
24 9962 16 12 10 
25 9960 15 13 12 
26 9955 18 15 12 
27 9951 21 16 12 
28 9948 21 19 12 
29 9943 24 19 14 
30 9937 30 15 18 
31 9936 30 12 22 
32 9935 31 9 25 
33 9934 30 9 27 
34 9931 31 10 28 
35 9930 30 9 31 
36 9929 26 12 33 
37 9924 27 16 33 
38 9919 29 18 34 
39 9912 31 23 34 
40 9905 32 27 36 
41 9901 35 26 38 
42 9892 43 25 40 
43 9889 45 21 45 
44 9885 46 20 49 
45 9880 50 18 52 
46 9872 57 14 57 
47 9870 54 13 63 
48 9866 53 17 64 
49 9861 51 23 65 
50 9850 55 29 66 
51 9845 56 30 69 
52 9844 48 38 70 
53 9844 45 40 71 
54 9844 41 39 76 
55 9842 38 39 81 
56 9842 30 40 88 
57 9842 28 35 95 
58 9841 25 35 99 
59 9840 21 31 108 
60 9840 10 39 111 
61 9838 7 40 115 
62 9837 7 36 120 
63 9836 8 28 128 
64 9833 11 26 130 
65 9833 9 24 134 
66 9831 11 19 139 
67 9831 11 8 150 
68 9831 10 4 155 
69 9831 9 4 156 
70 9831 9 4 156 
71 9830 8 6 156 
72 9828 9 5 158 
73 9827 9 6 158 
74 9827 6 9 158 
75 9827 6 8 159 
76 9827 4 9 160 
77 9826 5 9 160 
78 9826 5 7 162 
79 9825 6 6 163 
80 9825 6 5 164 
81 9824 6 3 167 
82 9823 5 5 167 
83 9823 4 4 169 
84 9823 4 4 169 
85 9823 4 4 169 
86 9823 4 4 169 
87 9823 3 5 169 
88 9823 3 4 170 
89 9822 3 3 172 
90 9822 3 2 173 
91 9822 2 3 173 
92 9821 2 4 173 
93 9821 2 4 173 
94 9821 2 3 174 
95 9821 2 3 174 
96 9821 2 2 175 
97 9821 2 2 175 
98 9821 2 1 176 
99 9821 1 1 177 
100 9819 3 1 177 
101 9819 3 1 177 
102 9819 2 2 177 
103 9819 2 2 177 
104 9819 2 2 177 
105 9818 3 2 177 
106 9818 3 1 178 
107 9818 3 1 178 
108 9818 3 1 178 
109 9818 3 0 179 
110 9818 1 2 179 
111 9818 1 2 179 
112 9818 1 2 179 
113 9818 1 2 179 
114 9818 1 2 179 
115 9818 0 3 179 
116 9818 0 3 179 
117 9818 0 1 181 
118 9818 0 1 181 
119 9818 0 1 181 
120 9818 0 1 181 
121 9818 0 1 181 
122 9818 0 0 182 
123 9818 0 0 182 
124 9818 0 0 182 
125 9818 0 0 182 
126 9818 0 0 182 
127 9818 0 0 182 
128 9818 0 0 182 
129 9818 0 0 182 
130 9818 0 0 182 
131 9818 0 0 182 
132 9818 0 0 182 
133 9818 0 0 182 
134 9818 0 0 182 
