0 9993 6 1 0 
1 9993 6 1 0 
2 9993 6 1 0 
3 9993 6 1 0 
4 9993 6 1 0 
5 9993 6 1 0 
6 9993 6 1 0 
7 9993 6 1 0 
8 9992 7 0 1 
9 9992 7 0 1 
10 9992 7 0 1 
11 9992 1 6 1 
12 9986 7 6 1 
13 9984 9 6 1 
14 9978 15 6 1 
15 9978 15 6 1 
16 9975 18 6 1 
17 9971 22 6 1 
18 9970 22 1 7 
19 9970 22 1 7 
20 9970 22 1 7 
21 9970 22 1 7 
22 9970 16 7 7 
23 9966 18 9 7 
24 9961 17 15 7 
25 9953 25 14 8 
26 9944 31 17 8 
27 9939 32 21 8 
28 9936 34 22 8 
29 9932 38 16 14 
30 9928 42 14 16 
31 9924 46 8 22 
32 9920 50 8 22 
33 9919 47 9 25 
34 9914 47 10 29 
35 9909 44 17 30 
36 9903 41 26 30 
37 9896 43 31 30 
38 9889 47 34 30 
39 9876 56 38 30 
40 9860 68 38 34 
41 9851 73 37 39 
42 9843 77 33 47 
43 9834 85 25 56 
44 9828 86 25 61 
45 9818 91 27 64 
46 9809 94 29 68 
47 9803 93 32 72 
48 9793 96 35 76 
49 9786 90 44 80 
50 9775 85 59 81 
51 9771 80 63 86 
52 9771 72 66 91 
53 9771 63 69 97 
54 9770 58 68 104 
55 9768 50 71 111 
56 9767 42 67 124 
57 9767 36 57 140 
58 9767 26 58 149 
59 9766 20 57 157 
60 9766 9 59 166 
61 9764 7 57 172 
62 9764 7 47 182 
63 9764 7 38 191 
64 9762 8 33 197 
65 9762 6 25 207 
66 9761 6 19 214 
67 9760 7 8 225 
68 9760 7 4 229 
69 9760 6 5 229 
70 9759 7 5 229 
71 9759 5 6 230 
72 9759 5 4 232 
73 9759 5 3 233 
74 9759 3 5 233 
75 9759 3 5 233 
76 9758 3 5 234 
77 9758 2 6 234 
78 9757 3 4 236 
79 9757 3 4 236 
80 9756 3 5 236 
81 9756 3 3 238 
82 9756 3 3 238 
83 9756 3 2 239 
84 9756 3 1 240 
85 9756 3 1 240 
86 9756 2 2 240 
87 9756 2 1 241 
88 9756 1 2 241 
89 9756 1 2 241 
90 9755 1 3 241 
91 9755 1 3 241 
92 9755 1 3 241 
93 9754 2 2 242 
94 9754 2 2 242 
95 9754 2 1 243 
96 9754 2 1 243 
97 9754 2 0 244 
98 9754 2 0 244 
99 9754 2 0 244 
100 9754 1 1 244 
101 9754 1 1 244 
102 9754 1 1 244 
103 9754 0 2 244 
104 9754 0 2 244 
105 9754 0 2 244 
106 9754 0 2 244 
107 9754 0 1 245 
108 9754 0 1 245 
109 9754 0 1 245 
110 9754 0 0 246 
111 9754 0 0 246 
112 9754 0 0 246 
113 9754 0 0 246 
114 9754 0 0 246 
115 9754 0 0 246 
116 9754 0 0 246 
117 9754 0 0 246 
118 9754 0 0 246 
119 9754 0 0 246 
120 9754 0 0 246 
121 9754 0 0 246 
122 9754 0 0 246 
