0 9997 1 2 0 
1 9994 4 2 0 
2 9992 6 2 0 
3 9992 6 2 0 
4 9992 6 2 0 
5 9992 6 2 0 
6 9992 6 2 0 
7 9992 6 2 0 
8 9992 6 0 2 
9 9992 6 0 2 
10 9992 6 0 2 
11 9992 2 4 2 
12 9991 1 6 2 
13 9987 5 6 2 
14 9984 8 6 2 
15 9983 9 6 2 
16 9983 9 6 2 
17 9982 10 6 2 
18 9981 11 2 6 
19 9981 11 0 8 
20 9981 11 0 8 
21 9981 11 0 8 
22 9981 10 1 8 
23 9981 6 5 8 
24 9978 6 8 8 
25 9975 8 9 8 
26 9970 13 9 8 
27 9967 15 10 8 
28 9965 16 11 8 
29 9964 17 10 9 
30 9963 18 6 13 
31 9961 20 3 16 
32 9961 20 2 17 
33 9960 21 2 17 
34 9959 19 4 18 
35 9956 19 6 19 
36 9954 16 11 19 
37 9948 19 14 19 
38 9943 22 16 19 
39 9935 29 17 19 
40 9931 32 18 19 
41 9927 34 17 22 
42 9922 39 14 25 
43 9920 40 10 30 
44 9919 40 8 33 
45 9916 40 9 35 
46 9913 41 10 36 
47 9905 43 15 37 
48 9896 47 18 39 
49 9894 41 26 39 
50 9887 44 29 40 
51 9884 43 32 41 
52 9884 38 34 44 
53 9883 37 34 46 
54 9883 36 29 52 
55 9883 33 27 57 
56 9882 31 22 65 
57 9881 24 26 69 
58 9880 16 31 73 
59 9880 14 28 78 
60 9880 7 33 80 
61 9880 4 35 81 
62 9880 4 32 84 
63 9880 3 30 87 
64 9880 3 22 95 
65 9880 3 13 104 
66 9880 2 12 106 
67 9880 1 6 113 
68 9880 0 4 116 
69 9880 0 4 116 
70 9880 0 3 117 
71 9880 0 3 117 
72 9880 0 3 117 
73 9880 0 2 118 
74 9880 0 1 119 
75 9880 0 0 120 
76 9880 0 0 120 
77 9880 0 0 120 
78 9880 0 0 120 
79 9880 0 0 120 
80 9880 0 0 120 
81 9880 0 0 120 
82 9880 0 0 120 
83 9880 0 0 120 
84 9880 0 0 120 
85 9880 0 0 120 
86 9880 0 0 120 
87 9880 0 0 120 
