0 9997 1 2 0 
1 9994 4 2 0 
2 9993 5 2 0 
3 9993 5 2 0 
4 9991 7 2 0 
5 9990 8 2 0 
6 9989 9 2 0 
7 9989 9 2 0 
8 9989 9 0 2 
9 9989 9 0 2 
10 9989 9 0 2 
11 9989 5 4 2 
12 9987 6 5 2 
13 9986 7 5 2 
14 9984 7 7 2 
15 9983 7 8 2 
16 9980 9 9 2 
17 9980 9 9 2 
18 9977 12 5 6 
19 9975 14 4 7 
20 9975 14 4 7 
21 9974 15 2 9 
22 9974 13 3 10 
23 9973 13 3 11 
24 9971 13 5 11 
25 9967 16 6 11 
26 9966 14 9 11 
27 9965 15 9 11 
28 9963 14 12 11 
29 9962 13 12 13 
30 9957 18 11 14 
31 9954 20 10 16 
32 9952 22 9 17 
33 9950 23 7 20 
34 9950 21 9 20 
35 9950 17 10 23 
36 9949 17 9 25 
37 9942 23 10 25 
38 9939 24 11 26 
39 9939 23 12 26 
40 9933 24 16 27 
41 9927 27 17 29 
42 9925 27 15 33 
43 9916 34 16 34 
44 9912 38 15 35 
45 9902 48 13 37 
46 9899 50 13 38 
47 9896 46 15 43 
48 9891 48 15 46 
49 9885 54 13 48 
50 9878 55 17 50 
51 9877 50 23 50 
52 9877 48 25 50 
53 9876 40 33 51 
54 9876 36 30 58 
55 9876 26 37 61 
56 9873 26 40 61 
57 9872 24 37 67 
58 9871 20 36 73 
59 9869 16 40 75 
60 9869 9 38 84 
61 9869 8 35 88 
62 9868 9 25 98 
63 9868 8 23 101 
64 9868 8 20 104 
65 9868 8 15 109 
66 9868 5 12 115 
67 9868 4 6 122 
68 9868 3 6 123 
69 9867 2 8 123 
70 9867 2 7 124 
71 9866 3 7 124 
72 9866 2 8 124 
73 9864 4 5 127 
74 9863 5 4 128 
75 9863 5 3 129 
76 9863 5 1 131 
77 9863 5 1 131 
78 9863 5 1 131 
79 9863 4 1 132 
80 9863 4 1 132 
81 9863 3 2 132 
82 9862 4 2 132 
83 9861 3 4 132 
84 9861 2 5 132 
85 9861 2 5 132 
86 9861 2 4 133 
87 9861 2 4 133 
88 9861 2 3 134 
89 9861 2 3 134 
90 9861 2 1 136 
91 9861 2 0 137 
92 9861 1 1 137 
93 9861 0 2 137 
94 9861 0 2 137 
95 9859 2 2 137 
96 9859 2 2 137 
97 9858 3 2 137 
98 9858 3 2 137 
99 9858 3 1 138 
100 9858 3 0 139 
101 9858 3 0 139 
102 9858 3 0 139 
103 9858 3 0 139 
104 9858 3 0 139 
105 9858 1 2 139 
106 9858 1 2 139 
107 9858 0 3 139 
108 9858 0 3 139 
109 9858 0 3 139 
110 9858 0 3 139 
111 9858 0 3 139 
112 9858 0 1 141 
113 9858 0 1 141 
114 9858 0 0 142 
115 9858 0 0 142 
116 9858 0 0 142 
117 9858 0 0 142 
118 9858 0 0 142 
119 9858 0 0 142 
120 9858 0 0 142 
121 9858 0 0 142 
122 9858 0 0 142 
123 9858 0 0 142 
124 9858 0 0 142 
125 9858 0 0 142 
126 9858 0 0 142 
