0 9995 4 1 0 
1 9994 5 1 0 
2 9993 6 1 0 
3 9993 6 1 0 
4 9993 6 1 0 
5 9993 6 1 0 
6 9992 7 1 0 
7 9992 7 1 0 
8 9992 7 0 1 
9 9992 7 0 1 
10 9992 7 0 1 
11 9992 2 5 1 
12 9988 5 6 1 
13 9988 5 6 1 
14 9986 7 6 1 
15 9982 11 6 1 
16 9977 15 7 1 
17 9976 16 7 1 
18 9975 17 2 6 
19 9972 20 1 7 
20 9971 21 1 7 
21 9971 21 1 7 
22 9971 17 5 7 
23 9969 19 4 8 
24 9966 20 6 8 
25 9966 16 10 8 
26 9962 15 15 8 
27 9954 22 16 8 
28 9949 26 17 8 
29 9946 26 16 12 
30 9941 30 17 12 
31 9935 36 15 14 
32 9932 39 11 18 
33 9930 39 8 23 
34 9929 37 10 24 
35 9926 40 9 25 
36 9923 39 10 28 
37 9918 36 17 29 
38 9912 37 22 29 
39 9907 39 25 29 
40 9901 40 28 31 
41 9890 45 31 34 
42 9878 54 34 34 
43 9875 55 32 38 
44 9864 65 25 46 
45 9863 63 23 51 
46 9862 61 23 54 
47 9855 63 23 59 
48 9848 64 23 65 
49 9843 64 25 68 
50 9835 66 29 70 
51 9833 57 39 71 
52 9831 47 48 74 
53 9831 44 48 77 
54 9830 34 54 82 
55 9830 33 49 88 
56 9830 32 45 93 
57 9829 26 46 99 
58 9829 19 42 110 
59 9829 14 35 122 
60 9829 6 40 125 
61 9828 5 31 136 
62 9827 4 32 137 
63 9827 4 31 138 
64 9827 3 25 145 
65 9826 4 18 152 
66 9825 5 13 157 
67 9825 4 6 165 
68 9825 4 4 167 
69 9825 4 2 169 
70 9825 4 2 169 
71 9825 3 2 170 
72 9825 2 3 170 
73 9825 2 3 170 
74 9825 2 2 171 
75 9825 1 3 171 
76 9823 2 4 171 
77 9823 2 4 171 
78 9823 2 3 172 
79 9823 2 2 173 
80 9823 2 2 173 
81 9823 2 2 173 
82 9823 2 1 174 
83 9823 2 0 175 
84 9823 2 0 175 
85 9823 2 0 175 
86 9823 0 2 175 
87 9823 0 2 175 
88 9823 0 2 175 
89 9823 0 2 175 
90 9823 0 2 175 
91 9823 0 2 175 
92 9823 0 2 175 
93 9823 0 0 177 
94 9823 0 0 177 
95 9823 0 0 177 
96 9823 0 0 177 
97 9823 0 0 177 
98 9823 0 0 177 
99 9823 0 0 177 
100 9823 0 0 177 
101 9823 0 0 177 
102 9823 0 0 177 
103 9823 0 0 177 
104 9823 0 0 177 
105 9823 0 0 177 
