0 9991 5 4 0 
1 9988 8 4 0 
2 9986 10 4 0 
3 9985 11 4 0 
4 9982 14 4 0 
5 9982 14 4 0 
6 9981 15 4 0 
7 9980 16 4 0 
8 9978 18 0 4 
9 9978 18 0 4 
10 9978 18 0 4 
11 9978 10 8 4 
12 9970 16 10 4 
13 9964 21 11 4 
14 9960 22 14 4 
15 9957 25 14 4 
16 9952 29 15 4 
17 9943 37 16 4 
18 9941 37 10 12 
19 9930 48 8 14 
20 9929 49 7 15 
21 9928 50 4 18 
22 9928 42 12 18 
23 9920 44 17 19 
24 9912 48 20 20 
25 9907 50 21 22 
26 9898 54 26 22 
27 9886 57 35 22 
28 9873 68 37 22 
29 9860 70 40 30 
30 9846 83 35 36 
31 9839 89 32 40 
32 9834 94 29 43 
33 9826 94 32 48 
34 9820 92 31 57 
35 9810 97 34 59 
36 9800 98 32 70 
37 9785 101 43 71 
38 9767 106 55 72 
39 9755 105 68 72 
40 9726 120 74 80 
41 9704 135 73 88 
42 9692 142 73 93 
43 9675 151 72 102 
44 9652 168 66 114 
45 9635 175 63 127 
46 9625 175 60 140 
47 9617 168 61 154 
48 9594 173 72 161 
49 9578 177 79 166 
50 9557 169 100 174 
51 9548 156 116 180 
52 9545 147 118 190 
53 9544 131 125 200 
54 9542 110 133 215 
55 9541 94 132 233 
56 9540 85 130 245 
57 9538 79 109 274 
58 9536 58 110 296 
59 9535 43 114 308 
60 9534 23 118 325 
61 9534 14 104 348 
62 9531 14 90 365 
63 9530 14 81 375 
64 9527 15 75 383 
65 9527 14 53 406 
66 9527 13 38 422 
67 9526 12 19 443 
68 9526 10 12 452 
69 9526 9 10 455 
70 9526 8 10 456 
71 9526 8 8 458 
72 9525 6 10 459 
73 9525 5 10 460 
74 9525 2 11 462 
75 9525 2 9 464 
76 9525 2 8 465 
77 9525 1 8 466 
78 9525 1 8 466 
79 9525 1 5 469 
80 9525 1 4 470 
81 9525 1 1 473 
82 9525 0 2 473 
83 9525 0 2 473 
84 9525 0 1 474 
85 9525 0 1 474 
86 9525 0 1 474 
87 9525 0 1 474 
88 9525 0 1 474 
89 9525 0 0 475 
90 9525 0 0 475 
91 9525 0 0 475 
92 9525 0 0 475 
93 9525 0 0 475 
94 9525 0 0 475 
95 9525 0 0 475 
96 9525 0 0 475 
97 9525 0 0 475 
98 9525 0 0 475 
99 9525 0 0 475 
100 9525 0 0 475 
101 9525 0 0 475 
