0 9992 3 5 0 
1 9988 7 5 0 
2 9986 9 5 0 
3 9983 12 5 0 
4 9982 13 5 0 
5 9982 13 5 0 
6 9982 13 5 0 
7 9982 13 5 0 
8 9977 18 0 5 
9 9977 18 0 5 
10 9977 18 0 5 
11 9977 11 7 5 
12 9974 12 9 5 
13 9972 11 12 5 
14 9966 16 13 5 
15 9960 22 13 5 
16 9954 28 13 5 
17 9950 32 13 5 
18 9947 30 11 12 
19 9945 32 9 14 
20 9944 33 6 17 
21 9944 33 5 18 
22 9943 31 8 18 
23 9939 33 10 18 
24 9935 31 16 18 
25 9931 29 17 23 
26 9927 27 23 23 
27 9918 32 27 23 
28 9911 36 30 23 
29 9900 45 29 26 
30 9887 57 28 28 
31 9881 63 22 34 
32 9876 67 17 40 
33 9872 67 15 46 
34 9869 66 15 50 
35 9866 65 16 53 
36 9863 64 18 55 
37 9858 60 26 56 
38 9848 63 33 56 
39 9830 70 43 57 
40 9815 72 52 61 
41 9797 84 54 65 
42 9781 95 55 69 
43 9772 100 55 73 
44 9758 111 49 82 
45 9751 115 45 89 
46 9735 128 37 100 
47 9726 132 29 113 
48 9724 124 33 119 
49 9717 113 46 124 
50 9700 115 57 128 
51 9695 102 72 131 
52 9695 86 85 134 
53 9695 77 91 137 
54 9695 63 100 142 
55 9695 56 97 152 
56 9695 40 95 170 
57 9694 32 89 185 
58 9694 30 73 203 
59 9692 25 64 219 
60 9692 8 72 228 
61 9690 5 63 242 
62 9689 6 56 249 
63 9689 6 40 265 
64 9689 6 31 274 
65 9689 6 29 276 
66 9689 6 22 283 
67 9688 6 6 300 
68 9688 6 1 305 
69 9687 5 3 305 
70 9687 5 3 305 
71 9687 3 5 305 
72 9687 2 6 305 
73 9686 3 6 305 
74 9686 3 5 306 
75 9685 4 5 306 
76 9685 4 3 308 
77 9685 3 4 308 
78 9685 3 2 310 
79 9685 2 2 311 
80 9685 2 2 311 
81 9685 2 2 311 
82 9685 2 2 311 
83 9685 1 3 311 
84 9685 1 2 312 
85 9685 0 3 312 
86 9685 0 2 313 
87 9685 0 2 313 
88 9685 0 2 313 
89 9685 0 2 313 
90 9685 0 1 314 
91 9685 0 1 314 
92 9684 1 0 315 
93 9684 1 0 315 
94 9684 1 0 315 
95 9684 1 0 315 
96 9684 1 0 315 
97 9684 1 0 315 
98 9684 1 0 315 
99 9684 1 0 315 
100 9684 1 0 315 
101 9684 1 0 315 
102 9684 0 1 315 
103 9684 0 1 315 
104 9684 0 1 315 
105 9684 0 1 315 
106 9684 0 1 315 
107 9684 0 1 315 
108 9684 0 1 315 
109 9684 0 0 316 
110 9684 0 0 316 
111 9684 0 0 316 
112 9684 0 0 316 
113 9684 0 0 316 
114 9684 0 0 316 
115 9684 0 0 316 
116 9684 0 0 316 
117 9684 0 0 316 
118 9684 0 0 316 
119 9684 0 0 316 
120 9684 0 0 316 
121 9684 0 0 316 
