0 9995 5 0 0 
1 9995 5 0 0 
2 9995 5 0 0 
3 9995 5 0 0 
4 9995 5 0 0 
5 9995 5 0 0 
6 9995 5 0 0 
7 9995 5 0 0 
8 9995 5 0 0 
9 9995 5 0 0 
10 9995 5 0 0 
11 9995 0 5 0 
12 9994 1 5 0 
13 9988 7 5 0 
14 9988 7 5 0 
15 9986 9 5 0 
16 9985 10 5 0 
17 9980 15 5 0 
18 9978 17 0 5 
19 9978 17 0 5 
20 9978 17 0 5 
21 9978 17 0 5 
22 9978 16 1 5 
23 9977 11 7 5 
24 9973 15 7 5 
25 9972 14 9 5 
26 9968 17 10 5 
27 9964 16 15 5 
28 9959 19 17 5 
29 9953 25 16 6 
30 9950 28 10 12 
31 9947 31 10 12 
32 9947 31 8 14 
33 9944 33 8 15 
34 9942 31 7 20 
35 9940 32 6 22 
36 9936 32 10 22 
37 9932 32 14 22 
38 9928 31 19 22 
39 9922 31 25 22 
40 9912 38 27 23 
41 9906 41 26 27 
42 9902 45 25 28 
43 9895 49 24 32 
44 9886 56 22 36 
45 9879 61 19 41 
46 9873 63 17 47 
47 9866 66 18 50 
48 9861 67 19 53 
49 9856 66 25 53 
50 9848 64 32 56 
51 9845 61 36 58 
52 9845 57 38 60 
53 9844 51 41 64 
54 9843 43 46 68 
55 9843 36 49 72 
56 9843 30 49 78 
57 9841 25 46 88 
58 9841 20 45 94 
59 9839 17 46 98 
60 9839 9 47 105 
61 9839 6 41 114 
62 9839 6 34 121 
63 9838 6 29 127 
64 9838 5 23 134 
65 9838 5 18 139 
66 9837 6 13 144 
67 9837 4 7 152 
68 9836 5 4 155 
69 9836 3 6 155 
70 9836 3 5 156 
71 9836 3 4 157 
72 9836 3 4 157 
73 9836 2 5 157 
74 9836 2 3 159 
75 9836 2 3 159 
76 9836 1 2 161 
77 9835 2 2 161 
78 9835 1 3 161 
79 9835 1 3 161 
80 9835 1 2 162 
81 9835 1 2 162 
82 9835 1 2 162 
83 9835 1 1 163 
84 9835 1 1 163 
85 9835 1 0 164 
86 9835 1 0 164 
87 9835 0 1 164 
88 9835 0 1 164 
89 9835 0 1 164 
90 9835 0 1 164 
91 9835 0 1 164 
92 9835 0 1 164 
93 9835 0 1 164 
94 9835 0 0 165 
95 9835 0 0 165 
96 9835 0 0 165 
97 9835 0 0 165 
98 9835 0 0 165 
99 9835 0 0 165 
100 9835 0 0 165 
101 9835 0 0 165 
102 9835 0 0 165 
103 9835 0 0 165 
104 9835 0 0 165 
105 9835 0 0 165 
106 9835 0 0 165 
