0 9997 2 1 0 
1 9995 4 1 0 
2 9995 4 1 0 
3 9994 5 1 0 
4 9993 6 1 0 
5 9993 6 1 0 
6 9993 6 1 0 
7 9993 6 1 0 
8 9993 6 0 1 
9 9993 6 0 1 
10 9993 6 0 1 
11 9993 2 4 1 
12 9989 6 4 1 
13 9988 6 5 1 
14 9986 7 6 1 
15 9984 9 6 1 
16 9983 10 6 1 
17 9982 11 6 1 
18 9982 11 2 5 
19 9981 12 2 5 
20 9981 12 1 6 
21 9981 12 0 7 
22 9981 8 4 7 
23 9980 8 5 7 
24 9979 7 7 7 
25 9974 10 9 7 
26 9969 14 10 7 
27 9965 17 11 7 
28 9962 20 11 7 
29 9959 22 8 11 
30 9959 22 7 12 
31 9959 22 5 14 
32 9958 23 3 16 
33 9956 24 3 17 
34 9955 24 3 18 
35 9954 20 8 18 
36 9951 18 12 19 
37 9945 20 16 19 
38 9938 24 19 19 
39 9927 32 22 19 
40 9925 34 21 20 
41 9921 38 20 21 
42 9917 41 16 26 
43 9915 41 13 31 
44 9914 41 10 35 
45 9913 41 8 38 
46 9910 41 8 41 
47 9909 36 14 41 
48 9907 31 21 41 
49 9902 25 31 42 
50 9888 37 31 44 
51 9886 35 34 45 
52 9884 33 37 46 
53 9883 32 36 49 
54 9883 31 31 55 
55 9883 30 25 62 
56 9883 27 17 73 
57 9883 26 16 75 
58 9880 27 14 79 
59 9880 22 15 83 
60 9880 8 27 85 
61 9880 6 28 86 
62 9879 5 29 87 
63 9879 4 27 90 
64 9878 5 26 91 
65 9878 5 24 93 
66 9878 5 19 98 
67 9878 5 5 112 
68 9878 2 6 114 
69 9877 3 4 116 
70 9877 3 3 117 
71 9877 3 3 117 
72 9877 2 4 117 
73 9877 2 4 117 
74 9877 1 5 117 
75 9877 1 2 120 
76 9877 1 2 120 
77 9877 1 2 120 
78 9877 1 2 120 
79 9877 0 2 121 
80 9877 0 2 121 
81 9877 0 1 122 
82 9877 0 1 122 
83 9877 0 1 122 
84 9877 0 1 122 
85 9877 0 1 122 
86 9877 0 0 123 
87 9877 0 0 123 
88 9877 0 0 123 
89 9877 0 0 123 
90 9877 0 0 123 
91 9877 0 0 123 
92 9877 0 0 123 
93 9877 0 0 123 
94 9877 0 0 123 
95 9877 0 0 123 
96 9877 0 0 123 
97 9877 0 0 123 
98 9877 0 0 123 
