0 9994 4 2 0 
1 9992 6 2 0 
2 9990 8 2 0 
3 9990 8 2 0 
4 9988 10 2 0 
5 9987 11 2 0 
6 9987 11 2 0 
7 9987 11 2 0 
8 9987 11 0 2 
9 9987 11 0 2 
10 9987 11 0 2 
11 9987 5 6 2 
12 9981 9 8 2 
13 9975 15 8 2 
14 9972 16 10 2 
15 9970 17 11 2 
16 9969 18 11 2 
17 9968 19 11 2 
18 9962 25 5 8 
19 9961 26 3 10 
20 9958 29 3 10 
21 9958 29 1 12 
22 9958 23 6 13 
23 9956 19 12 13 
24 9950 22 15 13 
25 9945 25 17 13 
26 9941 28 18 13 
27 9936 32 19 13 
28 9929 33 25 13 
29 9924 37 20 19 
30 9918 40 17 25 
31 9912 46 14 28 
32 9908 50 12 30 
33 9906 50 13 31 
34 9906 44 18 32 
35 9905 40 17 38 
36 9901 40 20 39 
37 9897 39 22 42 
38 9887 42 29 42 
39 9879 45 34 42 
40 9868 50 38 44 
41 9864 48 38 50 
42 9852 56 37 55 
43 9843 63 35 59 
44 9838 68 30 64 
45 9828 77 24 71 
46 9822 79 23 76 
47 9818 79 21 82 
48 9816 71 25 88 
49 9810 69 29 92 
50 9799 69 38 94 
51 9797 67 42 94 
52 9797 55 53 95 
53 9795 48 58 99 
54 9794 44 59 103 
55 9794 34 59 113 
56 9794 28 57 121 
57 9794 24 50 132 
58 9793 23 48 136 
59 9793 17 42 148 
60 9793 6 44 157 
61 9793 4 41 162 
62 9792 5 31 172 
63 9791 4 27 178 
64 9791 3 24 182 
65 9791 3 22 184 
66 9791 3 16 190 
67 9790 4 5 201 
68 9790 3 4 203 
69 9790 3 4 203 
70 9790 3 2 205 
71 9790 3 1 206 
72 9790 2 2 206 
73 9789 2 3 206 
74 9789 2 3 206 
75 9789 2 2 207 
76 9789 2 2 207 
77 9789 1 3 207 
78 9789 1 3 207 
79 9789 1 2 208 
80 9789 1 1 209 
81 9789 1 1 209 
82 9789 1 1 209 
83 9788 1 2 209 
84 9787 2 1 210 
85 9786 3 1 210 
86 9786 3 1 210 
87 9786 3 1 210 
88 9786 3 1 210 
89 9786 3 1 210 
90 9786 3 0 211 
91 9786 3 0 211 
92 9786 3 0 211 
93 9786 2 1 211 
94 9786 1 2 211 
95 9786 0 3 211 
96 9786 0 3 211 
97 9786 0 3 211 
98 9786 0 3 211 
99 9786 0 3 211 
100 9786 0 2 212 
101 9786 0 1 213 
102 9786 0 0 214 
103 9786 0 0 214 
104 9786 0 0 214 
105 9786 0 0 214 
106 9786 0 0 214 
107 9786 0 0 214 
108 9786 0 0 214 
109 9786 0 0 214 
110 9786 0 0 214 
111 9786 0 0 214 
112 9786 0 0 214 
113 9786 0 0 214 
114 9786 0 0 214 
