0 9996 2 2 0 
1 9995 3 2 0 
2 9994 4 2 0 
3 9991 7 2 0 
4 9990 8 2 0 
5 9989 9 2 0 
6 9989 9 2 0 
7 9989 9 2 0 
8 9989 9 0 2 
9 9989 9 0 2 
10 9989 9 0 2 
11 9989 6 3 2 
12 9983 11 4 2 
13 9982 9 7 2 
14 9978 12 8 2 
15 9975 14 9 2 
16 9972 17 9 2 
17 9968 21 9 2 
18 9968 21 6 5 
19 9965 24 5 6 
20 9965 24 2 9 
21 9965 24 1 10 
22 9965 18 6 11 
23 9962 20 7 11 
24 9958 20 11 11 
25 9953 22 14 11 
26 9950 22 17 11 
27 9942 26 21 11 
28 9941 27 21 11 
29 9932 33 18 17 
30 9925 40 17 18 
31 9924 41 13 22 
32 9923 42 10 25 
33 9920 42 10 28 
34 9916 42 10 32 
35 9912 41 15 32 
36 9908 42 15 35 
37 9903 39 23 35 
38 9898 43 24 35 
39 9890 42 33 35 
40 9886 39 37 38 
41 9874 50 34 42 
42 9869 54 30 47 
43 9863 57 30 50 
44 9859 57 26 58 
45 9851 61 29 59 
46 9843 65 24 68 
47 9834 69 22 75 
48 9828 70 26 76 
49 9822 68 33 77 
50 9811 75 34 80 
51 9806 68 42 84 
52 9803 66 43 88 
53 9799 64 45 92 
54 9795 64 44 97 
55 9791 60 47 102 
56 9783 60 47 110 
57 9775 59 52 114 
58 9773 55 46 126 
59 9764 58 47 131 
60 9757 54 52 137 
61 9749 57 53 141 
62 9746 57 48 149 
63 9742 57 44 157 
64 9737 58 39 166 
65 9730 61 37 172 
66 9724 59 39 178 
67 9718 57 36 189 
68 9713 60 33 194 
69 9711 53 39 197 
70 9701 56 42 201 
71 9698 51 46 205 
72 9689 57 45 209 
73 9683 59 41 217 
74 9680 57 38 225 
75 9675 55 43 227 
76 9670 54 40 236 
77 9665 53 39 243 
78 9654 59 36 251 
79 9650 61 35 254 
80 9648 53 41 258 
81 9641 57 39 263 
82 9635 54 41 270 
83 9630 53 41 276 
84 9625 55 38 282 
85 9620 55 38 287 
86 9618 52 41 289 
87 9611 54 36 299 
88 9606 48 44 302 
89 9600 50 39 311 
90 9588 60 35 317 
91 9586 55 39 320 
92 9580 55 40 325 
93 9569 61 40 330 
94 9561 64 40 335 
95 9559 61 34 346 
96 9559 59 32 350 
97 9556 55 37 352 
98 9552 54 35 359 
99 9542 58 35 365 
100 9534 54 42 370 
101 9526 60 39 375 
102 9518 62 40 380 
103 9514 55 49 382 
104 9507 54 50 389 
105 9501 58 47 394 
106 9494 65 41 400 
107 9490 66 32 412 
108 9489 63 34 414 
109 9487 55 38 420 
110 9475 59 35 431 
111 9471 55 35 439 
112 9464 54 41 441 
113 9456 58 45 441 
114 9446 61 49 444 
115 9439 62 51 448 
116 9436 58 48 458 
117 9430 60 44 466 
118 9424 65 37 474 
119 9421 66 31 482 
120 9416 59 39 486 
121 9409 62 36 493 
122 9403 61 37 499 
123 9397 59 38 506 
124 9392 54 44 510 
125 9387 52 50 511 
126 9380 56 51 513 
127 9376 54 45 525 
128 9369 55 47 529 
129 9365 56 43 536 
130 9360 56 40 544 
131 9355 54 37 554 
132 9350 53 36 561 
133 9344 53 39 564 
134 9339 53 38 570 
135 9329 58 37 576 
136 9325 55 41 579 
137 9319 57 40 584 
138 9313 56 40 591 
139 9309 56 38 597 
140 9302 58 37 603 
141 9297 58 37 608 
142 9293 57 37 613 
143 9287 57 36 620 
144 9281 58 37 624 
145 9279 50 40 631 
146 9272 53 40 635 
147 9269 50 41 640 
148 9260 53 42 645 
149 9254 55 41 650 
150 9250 52 42 656 
151 9241 56 42 661 
152 9239 54 36 671 
153 9235 52 38 675 
154 9232 49 38 681 
155 9232 47 34 687 
156 9228 44 37 691 
157 9228 41 33 698 
158 9226 34 37 703 
159 9224 30 39 707 
160 9217 33 37 713 
161 9213 28 40 719 
162 9207 32 40 721 
163 9202 33 37 728 
164 9198 34 37 731 
165 9196 36 28 740 
166 9192 36 26 746 
167 9186 42 22 750 
168 9186 40 15 759 
169 9185 39 15 761 
170 9185 32 18 765 
171 9184 29 19 768 
172 9180 27 25 768 
173 9175 27 26 772 
174 9173 25 30 772 
175 9171 25 30 774 
176 9167 25 32 776 
177 9161 25 31 783 
178 9160 26 27 787 
179 9158 27 22 793 
180 9158 27 17 798 
181 9157 27 14 802 
182 9156 24 16 804 
183 9154 21 17 808 
184 9151 22 13 814 
185 9148 23 15 814 
186 9148 19 18 815 
187 9145 16 24 815 
188 9143 17 24 816 
189 9139 19 22 820 
190 9139 19 17 825 
191 9135 22 16 827 
192 9130 26 15 829 
193 9130 24 13 833 
194 9127 24 10 839 
195 9127 21 12 840 
196 9125 23 10 842 
197 9125 20 13 842 
198 9123 20 14 843 
199 9119 20 17 844 
200 9116 23 15 846 
201 9116 19 16 849 
202 9115 15 18 852 
203 9114 16 18 852 
204 9113 14 18 855 
205 9113 14 16 857 
206 9112 13 14 861 
207 9110 15 14 861 
208 9110 13 12 865 
209 9110 9 11 870 
210 9108 8 14 870 
211 9108 8 11 873 
212 9107 8 12 873 
213 9104 10 11 875 
214 9103 10 12 875 
215 9103 10 10 877 
216 9103 9 7 881 
217 9102 8 6 884 
218 9101 9 6 884 
219 9100 10 5 885 
220 9100 8 6 886 
221 9098 10 5 887 
222 9097 10 6 887 
223 9097 7 8 888 
224 9095 8 7 890 
225 9094 9 7 890 
226 9093 10 7 890 
227 9091 11 6 892 
228 9091 10 7 892 
229 9090 10 7 893 
230 9089 11 4 896 
231 9089 9 5 897 
232 9088 9 6 897 
233 9088 9 6 897 
234 9088 7 7 898 
235 9087 7 7 899 
236 9086 7 7 900 
237 9086 5 9 900 
238 9083 8 7 902 
239 9083 7 7 903 
240 9081 8 8 903 
241 9077 12 6 905 
242 9077 11 6 906 
243 9076 12 5 907 
244 9076 12 3 909 
245 9076 11 4 909 
246 9075 11 4 910 
247 9075 11 3 911 
248 9074 9 6 911 
249 9073 10 5 912 
250 9073 8 7 912 
251 9073 4 11 912 
252 9073 4 10 913 
253 9073 3 10 914 
254 9072 4 10 914 
255 9072 4 7 917 
256 9072 3 8 917 
257 9071 4 6 919 
258 9069 5 3 923 
259 9069 4 4 923 
260 9069 4 3 924 
261 9069 4 3 924 
262 9069 4 3 924 
263 9069 4 2 925 
264 9069 3 3 925 
265 9069 3 2 926 
266 9068 4 1 927 
267 9068 3 2 927 
268 9068 1 4 927 
269 9067 2 4 927 
270 9067 2 4 927 
271 9067 2 3 928 
272 9067 2 3 928 
273 9067 2 3 928 
274 9067 2 2 929 
275 9067 2 0 931 
276 9067 1 1 931 
277 9067 1 1 931 
278 9067 1 1 931 
279 9067 0 2 931 
280 9066 1 2 931 
281 9066 1 2 931 
282 9066 1 2 931 
283 9066 1 1 932 
284 9066 1 1 932 
285 9066 1 1 932 
286 9066 1 0 933 
287 9066 1 0 933 
288 9066 1 0 933 
289 9066 1 0 933 
290 9066 0 1 933 
291 9066 0 1 933 
292 9066 0 1 933 
293 9066 0 1 933 
294 9066 0 1 933 
295 9065 1 1 933 
296 9065 1 1 933 
297 9065 1 0 934 
298 9065 1 0 934 
299 9065 1 0 934 
300 9065 1 0 934 
301 9065 1 0 934 
302 9065 1 0 934 
303 9065 1 0 934 
304 9065 1 0 934 
305 9065 0 1 934 
306 9065 0 1 934 
307 9065 0 1 934 
308 9065 0 1 934 
309 9065 0 1 934 
310 9065 0 1 934 
311 9065 0 1 934 
312 9065 0 0 935 
313 9065 0 0 935 
314 9065 0 0 935 
315 9065 0 0 935 
316 9065 0 0 935 
317 9065 0 0 935 
318 9065 0 0 935 
319 9065 0 0 935 
320 9065 0 0 935 
321 9065 0 0 935 
322 9065 0 0 935 
323 9065 0 0 935 
324 9065 0 0 935 
