0 9994 4 2 0 
1 9992 6 2 0 
2 9991 7 2 0 
3 9991 7 2 0 
4 9991 7 2 0 
5 9991 7 2 0 
6 9989 9 2 0 
7 9989 9 2 0 
8 9988 10 0 2 
9 9987 11 0 2 
10 9987 11 0 2 
11 9987 5 6 2 
12 9986 5 7 2 
13 9981 10 7 2 
14 9980 11 7 2 
15 9977 14 7 2 
16 9976 13 9 2 
17 9972 17 9 2 
18 9970 18 4 8 
19 9970 17 4 9 
20 9969 18 4 9 
21 9969 18 4 9 
22 9967 19 5 9 
23 9965 16 8 11 
24 9963 17 9 11 
25 9960 17 11 12 
26 9955 21 11 13 
27 9950 22 15 13 
28 9948 22 17 13 
29 9944 26 16 14 
30 9939 30 12 19 
31 9937 32 11 20 
32 9936 31 10 23 
33 9934 31 11 24 
34 9929 34 9 28 
35 9927 33 10 30 
36 9926 29 15 30 
37 9923 27 19 31 
38 9915 33 21 31 
39 9911 33 23 33 
40 9909 30 26 35 
41 9903 34 26 37 
42 9896 40 24 40 
43 9890 44 21 45 
44 9886 43 21 50 
45 9879 48 21 52 
46 9872 54 18 56 
47 9870 53 16 61 
48 9864 51 22 63 
49 9855 56 25 64 
50 9851 58 25 66 
51 9843 60 26 71 
52 9843 53 31 73 
53 9842 48 36 74 
54 9839 47 37 77 
55 9835 44 36 85 
56 9828 44 39 89 
57 9823 47 39 91 
58 9818 46 39 97 
59 9814 41 41 104 
60 9812 39 39 110 
61 9807 36 43 114 
62 9801 42 36 121 
63 9796 46 30 128 
64 9793 46 31 130 
65 9791 44 29 136 
66 9788 40 27 145 
67 9784 39 28 149 
68 9781 37 25 157 
69 9775 39 29 157 
70 9769 43 30 158 
71 9766 41 32 161 
72 9760 41 34 165 
73 9755 41 32 172 
74 9751 42 30 177 
75 9746 45 27 182 
76 9743 45 26 186 
77 9741 43 28 188 
78 9738 43 26 193 
79 9736 39 26 199 
80 9734 35 27 204 
81 9728 38 27 207 
82 9727 33 31 209 
83 9724 31 33 212 
84 9718 33 33 216 
85 9712 34 35 219 
86 9708 35 32 225 
87 9704 37 28 231 
88 9702 36 28 234 
89 9697 39 24 240 
90 9694 40 21 245 
91 9694 34 23 249 
92 9690 37 19 254 
93 9687 37 19 257 
94 9686 32 23 259 
95 9680 32 26 262 
96 9677 31 28 264 
97 9674 30 30 266 
98 9665 37 26 272 
99 9664 33 30 273 
100 9660 34 30 276 
101 9658 36 24 282 
102 9656 34 22 288 
103 9655 32 21 292 
104 9651 35 18 296 
105 9649 31 22 298 
106 9646 31 20 303 
107 9643 31 20 306 
108 9639 26 29 306 
109 9636 28 26 310 
110 9633 27 27 313 
111 9631 27 28 314 
112 9630 26 24 320 
113 9626 29 22 323 
114 9622 29 23 326 
115 9618 31 16 335 
116 9617 29 18 336 
117 9617 26 17 340 
118 9615 24 19 342 
119 9611 25 20 344 
120 9607 26 22 345 
121 9603 28 20 349 
122 9601 29 19 351 
123 9598 28 20 354 
124 9595 27 21 357 
125 9594 24 21 361 
126 9594 23 19 364 
127 9592 25 16 367 
128 9590 25 16 369 
129 9590 21 19 370 
130 9587 20 19 374 
131 9585 18 19 378 
132 9583 18 17 382 
133 9581 17 19 383 
134 9579 16 22 383 
135 9577 17 21 385 
136 9574 20 17 389 
137 9571 21 15 393 
138 9569 21 13 397 
139 9569 21 11 399 
140 9567 20 11 402 
141 9567 18 10 405 
142 9565 18 11 406 
143 9561 20 13 406 
144 9558 21 13 408 
145 9557 20 13 410 
146 9553 21 16 410 
147 9552 19 16 413 
148 9549 20 16 415 
149 9547 22 14 417 
150 9546 21 14 419 
151 9545 22 12 421 
152 9543 22 12 423 
153 9541 20 13 426 
154 9537 21 13 429 
155 9537 20 12 431 
156 9537 16 16 431 
157 9536 16 15 433 
158 9533 16 18 433 
159 9531 16 18 435 
160 9531 15 15 439 
161 9528 17 13 442 
162 9527 16 14 443 
163 9524 17 12 447 
164 9523 14 15 448 
165 9518 19 12 451 
166 9515 22 10 453 
167 9514 22 10 454 
168 9512 21 12 455 
169 9511 20 12 457 
170 9511 20 10 459 
171 9510 18 9 463 
172 9508 19 10 463 
173 9507 17 13 463 
174 9505 18 13 464 
175 9502 16 15 467 
176 9499 16 16 469 
177 9497 17 17 469 
178 9496 16 16 472 
179 9496 15 16 473 
180 9494 17 13 476 
181 9490 20 13 477 
182 9490 18 10 482 
183 9490 17 8 485 
184 9487 18 9 486 
185 9487 15 10 488 
186 9483 16 12 489 
187 9483 14 14 489 
188 9481 15 14 490 
189 9481 15 12 492 
190 9480 14 13 493 
191 9478 12 15 495 
192 9476 14 12 498 
193 9474 16 9 501 
194 9474 13 10 503 
195 9472 15 9 504 
196 9471 12 13 504 
197 9467 16 11 506 
198 9465 16 9 510 
199 9464 17 9 510 
200 9463 17 10 510 
201 9463 15 9 513 
202 9461 15 11 513 
203 9458 16 9 517 
204 9456 18 9 517 
205 9455 17 9 519 
206 9455 16 10 519 
207 9455 12 13 520 
208 9451 14 13 522 
209 9451 13 12 524 
210 9449 14 11 526 
211 9449 14 11 526 
212 9448 13 11 528 
213 9447 11 13 529 
214 9444 12 11 533 
215 9442 13 10 535 
216 9442 13 9 536 
217 9440 15 8 537 
218 9439 12 12 537 
219 9438 13 10 539 
220 9437 12 9 542 
221 9436 13 7 544 
222 9436 12 7 545 
223 9436 11 8 545 
224 9436 8 11 545 
225 9434 8 9 549 
226 9433 9 9 549 
227 9430 10 9 551 
228 9430 9 10 551 
229 9429 9 10 552 
230 9429 8 10 553 
231 9426 10 8 556 
232 9426 10 6 558 
233 9426 10 6 558 
234 9425 11 4 560 
235 9424 10 5 561 
236 9424 9 5 562 
237 9423 7 7 563 
238 9423 7 6 564 
239 9422 7 7 564 
240 9421 8 7 564 
241 9421 5 10 564 
242 9420 6 8 566 
243 9419 7 7 567 
244 9419 6 5 570 
245 9418 6 6 570 
246 9418 6 5 571 
247 9418 5 6 571 
248 9416 7 3 574 
249 9416 6 4 574 
250 9416 5 5 574 
251 9416 5 4 575 
252 9416 4 4 576 
253 9415 4 5 576 
254 9415 4 4 577 
255 9415 3 5 577 
256 9415 3 4 578 
257 9415 3 3 579 
258 9415 1 5 579 
259 9414 2 4 580 
260 9414 2 3 581 
261 9413 3 3 581 
262 9413 3 2 582 
263 9413 2 3 582 
264 9413 2 3 582 
265 9413 2 1 584 
266 9413 2 1 584 
267 9413 2 1 584 
268 9413 2 1 584 
269 9413 1 2 584 
270 9413 1 1 585 
271 9412 1 2 585 
272 9412 1 2 585 
273 9412 1 2 585 
274 9412 1 2 585 
275 9411 2 2 585 
276 9410 3 1 586 
277 9410 3 1 586 
278 9410 3 0 587 
279 9410 3 0 587 
280 9410 3 0 587 
281 9410 2 1 587 
282 9410 2 1 587 
283 9410 2 1 587 
284 9409 3 1 587 
285 9409 2 2 587 
286 9407 3 3 587 
287 9407 3 3 587 
288 9406 4 2 588 
289 9405 5 2 588 
290 9405 5 2 588 
291 9405 5 2 588 
292 9405 5 1 589 
293 9405 5 0 590 
294 9405 4 1 590 
295 9404 5 1 590 
296 9404 3 3 590 
297 9403 4 3 590 
298 9402 4 4 590 
299 9401 4 5 590 
300 9401 4 5 590 
301 9401 4 4 591 
302 9401 4 4 591 
303 9401 4 2 593 
304 9401 4 2 593 
305 9401 3 2 594 
306 9401 3 1 595 
307 9401 2 2 595 
308 9401 1 3 595 
309 9399 2 4 595 
310 9399 2 4 595 
311 9398 3 4 595 
312 9398 3 3 596 
313 9398 3 3 596 
314 9398 3 2 597 
315 9398 3 1 598 
316 9398 3 0 599 
317 9398 3 0 599 
318 9398 3 0 599 
319 9398 1 2 599 
320 9397 2 2 599 
321 9397 1 3 599 
322 9397 1 3 599 
323 9397 1 3 599 
324 9397 1 3 599 
325 9397 1 3 599 
326 9397 1 1 601 
327 9397 1 1 601 
328 9397 1 0 602 
329 9397 1 0 602 
330 9397 0 1 602 
331 9397 0 1 602 
332 9397 0 1 602 
333 9397 0 1 602 
334 9397 0 1 602 
335 9397 0 1 602 
336 9397 0 1 602 
337 9397 0 0 603 
338 9397 0 0 603 
339 9397 0 0 603 
340 9397 0 0 603 
341 9397 0 0 603 
342 9397 0 0 603 
343 9397 0 0 603 
344 9397 0 0 603 
345 9397 0 0 603 
346 9397 0 0 603 
347 9397 0 0 603 
348 9397 0 0 603 
349 9397 0 0 603 
