0 9992 3 5 0 
1 9987 8 5 0 
2 9987 8 5 0 
3 9983 12 5 0 
4 9981 14 5 0 
5 9981 14 5 0 
6 9978 17 5 0 
7 9976 19 5 0 
8 9974 21 0 5 
9 9974 21 0 5 
10 9974 21 0 5 
11 9974 13 8 5 
12 9973 14 8 5 
13 9968 15 12 5 
14 9966 15 14 5 
15 9958 23 14 5 
16 9955 23 17 5 
17 9944 32 19 5 
18 9938 36 13 13 
19 9934 40 13 13 
20 9931 43 9 17 
21 9929 45 7 19 
22 9928 45 8 19 
23 9927 41 10 22 
24 9924 42 10 24 
25 9919 39 16 26 
26 9909 46 19 26 
27 9902 42 30 26 
28 9892 46 36 26 
29 9889 45 39 27 
30 9881 50 37 32 
31 9869 60 37 34 
32 9865 63 30 42 
33 9855 72 28 45 
34 9847 77 20 56 
35 9838 81 19 62 
36 9832 77 25 66 
37 9825 77 29 69 
38 9812 80 37 71 
39 9801 88 39 72 
40 9791 90 46 73 
41 9782 87 55 76 
42 9768 97 54 81 
43 9752 103 54 91 
44 9743 104 55 98 
45 9729 109 54 108 
46 9722 110 57 111 
47 9702 123 56 119 
48 9685 127 57 131 
49 9672 129 64 135 
50 9660 131 64 145 
51 9651 131 65 153 
52 9643 125 70 162 
53 9639 113 80 168 
54 9631 112 82 175 
55 9622 107 83 188 
56 9614 108 79 199 
57 9608 94 89 209 
58 9600 85 97 218 
59 9587 85 96 232 
60 9579 81 92 248 
61 9570 81 92 257 
62 9557 86 86 271 
63 9548 91 83 278 
64 9542 89 71 298 
65 9526 96 63 315 
66 9521 93 58 328 
67 9514 94 52 340 
68 9508 92 51 349 
69 9500 87 56 357 
70 9494 85 60 361 
71 9488 82 61 369 
72 9483 74 65 378 
73 9475 73 66 386 
74 9467 75 66 392 
75 9458 68 74 400 
76 9446 75 66 413 
77 9433 81 65 421 
78 9422 86 62 430 
79 9413 87 57 443 
80 9405 89 54 452 
81 9401 87 54 458 
82 9394 89 43 474 
83 9386 89 46 479 
84 9381 86 47 486 
85 9377 81 50 492 
86 9372 74 54 500 
87 9364 69 61 506 
88 9355 67 66 512 
89 9345 68 70 517 
90 9338 67 70 525 
91 9328 73 66 533 
92 9317 77 64 542 
93 9299 87 60 554 
94 9292 89 52 567 
95 9287 90 45 578 
96 9281 91 41 587 
97 9273 91 41 595 
98 9270 85 46 599 
99 9265 80 49 606 
100 9254 84 48 614 
101 9245 83 53 619 
102 9239 78 60 623 
103 9234 65 73 628 
104 9225 67 72 636 
105 9212 75 68 645 
106 9202 79 64 655 
107 9199 74 65 662 
108 9189 81 58 672 
109 9181 84 52 683 
110 9177 77 45 701 
111 9169 76 47 708 
112 9163 76 48 713 
113 9154 80 47 719 
114 9146 79 48 727 
115 9136 76 58 730 
116 9129 73 63 735 
117 9120 79 55 746 
118 9112 77 56 755 
119 9107 74 58 761 
120 9100 77 57 766 
121 9092 77 56 775 
122 9084 79 49 788 
123 9078 76 48 798 
124 9071 75 53 801 
125 9063 73 53 811 
126 9057 72 52 819 
127 9050 70 57 823 
128 9040 72 57 831 
129 9036 71 56 837 
130 9032 68 54 846 
131 9023 69 54 854 
132 9021 63 52 864 
133 9016 62 51 871 
134 9010 61 49 880 
135 9002 61 49 888 
136 8993 64 50 893 
137 8980 70 50 900 
138 8978 62 52 908 
139 8972 64 48 916 
140 8965 67 46 922 
141 8961 62 48 929 
142 8956 65 42 937 
143 8951 65 41 943 
144 8942 68 40 950 
145 8933 69 38 960 
146 8923 70 43 964 
147 8920 60 52 968 
148 8912 66 45 977 
149 8907 65 49 979 
150 8902 63 51 984 
151 8895 66 49 990 
152 8890 66 46 998 
153 8885 66 42 1007 
154 8881 61 38 1020 
155 8876 57 45 1022 
156 8868 55 49 1028 
157 8861 59 45 1035 
158 8855 57 49 1039 
159 8849 58 49 1044 
160 8844 58 49 1049 
161 8844 51 47 1058 
162 8841 49 43 1067 
163 8837 48 38 1077 
164 8831 50 39 1080 
165 8824 52 36 1088 
166 8819 49 39 1093 
167 8813 48 41 1098 
168 8807 48 40 1105 
169 8806 43 41 1110 
170 8802 42 41 1115 
171 8797 47 37 1119 
172 8793 48 35 1124 
173 8789 48 31 1132 
174 8785 46 30 1139 
175 8782 42 31 1145 
176 8780 39 30 1151 
177 8778 35 31 1156 
178 8777 30 37 1156 
179 8773 33 35 1159 
180 8767 35 35 1163 
181 8758 39 34 1169 
182 8753 40 31 1176 
183 8751 38 30 1181 
184 8748 37 28 1187 
185 8745 37 25 1193 
186 8743 37 26 1194 
187 8738 40 24 1198 
188 8737 40 20 1203 
189 8731 42 20 1207 
190 8731 36 22 1211 
191 8727 31 27 1215 
192 8722 31 29 1218 
193 8719 32 29 1220 
194 8716 32 30 1222 
195 8712 33 32 1223 
196 8709 34 30 1227 
197 8706 32 29 1233 
198 8702 35 21 1242 
199 8702 29 22 1247 
200 8698 33 20 1249 
201 8697 30 21 1252 
202 8694 28 23 1255 
203 8688 31 24 1257 
204 8687 29 22 1262 
205 8687 25 25 1263 
206 8682 27 22 1269 
207 8679 27 25 1269 
208 8676 26 25 1273 
209 8673 29 20 1278 
210 8672 26 21 1281 
211 8669 28 19 1284 
212 8668 26 18 1288 
213 8665 23 21 1291 
214 8662 25 19 1294 
215 8661 26 15 1298 
216 8659 23 20 1298 
217 8655 24 19 1302 
218 8654 22 21 1303 
219 8652 21 21 1306 
220 8649 23 16 1312 
221 8647 22 18 1313 
222 8646 22 19 1313 
223 8645 20 17 1318 
224 8642 20 17 1321 
225 8639 22 15 1324 
226 8635 24 14 1327 
227 8634 21 17 1328 
228 8633 21 15 1331 
229 8629 23 16 1332 
230 8627 22 16 1335 
231 8626 21 15 1338 
232 8625 21 15 1339 
233 8624 21 14 1341 
234 8622 20 13 1345 
235 8618 21 15 1346 
236 8617 18 17 1348 
237 8613 21 15 1351 
238 8611 22 14 1353 
239 8609 20 17 1354 
240 8607 20 18 1355 
241 8605 21 16 1358 
242 8604 21 14 1361 
243 8603 21 11 1365 
244 8603 19 12 1366 
245 8601 17 15 1367 
246 8598 19 12 1371 
247 8597 16 14 1373 
248 8594 17 15 1374 
249 8594 15 16 1375 
250 8594 13 17 1376 
251 8594 11 17 1378 
252 8591 13 14 1382 
253 8589 14 14 1383 
254 8588 15 10 1387 
255 8586 15 10 1389 
256 8586 12 11 1391 
257 8586 11 10 1393 
258 8585 9 11 1395 
259 8584 10 10 1396 
260 8583 11 9 1397 
261 8582 12 9 1397 
262 8582 9 10 1399 
263 8581 8 9 1402 
264 8578 10 9 1403 
265 8578 8 8 1406 
266 8577 9 8 1406 
267 8576 10 8 1406 
268 8576 9 9 1406 
269 8576 8 7 1409 
270 8576 7 6 1411 
271 8576 6 6 1412 
272 8575 7 4 1414 
273 8574 7 5 1414 
274 8572 6 8 1414 
275 8572 6 7 1415 
276 8571 6 7 1416 
277 8571 5 7 1417 
278 8570 6 6 1418 
279 8568 8 6 1418 
280 8568 8 5 1419 
281 8568 8 2 1422 
282 8567 8 3 1422 
283 8567 7 3 1423 
284 8566 6 4 1424 
285 8564 8 4 1424 
286 8564 7 5 1424 
287 8564 7 5 1424 
288 8563 7 6 1424 
289 8563 5 7 1425 
290 8563 5 6 1426 
291 8562 6 4 1428 
292 8562 5 5 1428 
293 8562 5 4 1429 
294 8562 4 5 1429 
295 8562 2 6 1430 
296 8560 4 4 1432 
297 8559 5 4 1432 
298 8559 4 5 1432 
299 8559 4 4 1433 
300 8558 5 4 1433 
301 8558 4 4 1434 
302 8558 4 2 1436 
303 8558 4 2 1436 
304 8558 4 2 1436 
305 8557 5 1 1437 
306 8557 3 3 1437 
307 8557 2 4 1437 
308 8557 2 3 1438 
309 8557 2 3 1438 
310 8557 1 4 1438 
311 8557 1 4 1438 
312 8556 2 4 1438 
313 8554 4 2 1440 
314 8554 4 1 1441 
315 8554 3 2 1441 
316 8554 3 2 1441 
317 8554 3 1 1442 
318 8553 4 1 1442 
319 8553 4 1 1442 
320 8553 4 1 1442 
321 8553 4 1 1442 
322 8553 3 1 1443 
323 8553 1 3 1443 
324 8553 1 3 1443 
325 8552 2 3 1443 
326 8552 2 3 1443 
327 8552 2 3 1443 
328 8552 1 4 1443 
329 8552 1 3 1444 
330 8552 1 1 1446 
331 8552 1 1 1446 
332 8552 1 1 1446 
333 8552 1 1 1446 
334 8552 1 1 1446 
335 8552 0 1 1447 
336 8552 0 1 1447 
337 8552 0 1 1447 
338 8551 1 1 1447 
339 8551 1 1 1447 
340 8551 1 1 1447 
341 8551 1 1 1447 
342 8551 1 0 1448 
343 8551 1 0 1448 
344 8551 1 0 1448 
345 8551 1 0 1448 
346 8551 1 0 1448 
347 8551 1 0 1448 
348 8551 0 1 1448 
349 8551 0 1 1448 
350 8551 0 1 1448 
351 8550 1 1 1448 
352 8550 1 1 1448 
353 8550 1 1 1448 
354 8550 1 1 1448 
355 8550 1 0 1449 
356 8550 1 0 1449 
357 8550 1 0 1449 
358 8550 1 0 1449 
359 8550 1 0 1449 
360 8550 1 0 1449 
361 8550 0 1 1449 
362 8550 0 1 1449 
363 8550 0 1 1449 
364 8550 0 1 1449 
365 8550 0 1 1449 
366 8550 0 1 1449 
367 8550 0 1 1449 
368 8550 0 0 1450 
369 8550 0 0 1450 
370 8550 0 0 1450 
371 8550 0 0 1450 
372 8550 0 0 1450 
373 8550 0 0 1450 
374 8550 0 0 1450 
375 8550 0 0 1450 
376 8550 0 0 1450 
377 8550 0 0 1450 
378 8550 0 0 1450 
379 8550 0 0 1450 
380 8550 0 0 1450 
