0 9993 2 5 0 
1 9990 5 5 0 
2 9988 7 5 0 
3 9985 10 5 0 
4 9983 12 5 0 
5 9982 13 5 0 
6 9978 17 5 0 
7 9976 19 5 0 
8 9976 19 0 5 
9 9975 20 0 5 
10 9975 20 0 5 
11 9975 15 5 5 
12 9969 19 7 5 
13 9963 22 10 5 
14 9959 24 12 5 
15 9956 26 13 5 
16 9953 25 17 5 
17 9949 27 19 5 
18 9943 33 14 10 
19 9942 33 13 12 
20 9940 35 10 15 
21 9936 39 8 17 
22 9934 35 13 18 
23 9932 31 15 22 
24 9931 28 17 24 
25 9926 30 20 24 
26 9917 36 22 25 
27 9911 38 26 25 
28 9904 39 32 25 
29 9896 46 27 31 
30 9888 52 23 37 
31 9884 52 23 41 
32 9874 60 22 44 
33 9869 63 21 47 
34 9867 64 18 51 
35 9865 61 17 57 
36 9857 60 25 58 
37 9845 66 29 60 
38 9843 61 32 64 
39 9836 60 38 66 
40 9827 61 44 68 
41 9811 73 47 69 
42 9796 78 52 74 
43 9787 82 48 83 
44 9776 91 44 89 
45 9765 100 39 96 
46 9756 101 39 104 
47 9747 98 43 112 
48 9730 113 41 116 
49 9718 118 38 126 
50 9714 113 42 131 
51 9706 105 56 133 
52 9696 100 69 135 
53 9690 97 70 143 
54 9683 93 69 155 
55 9672 93 78 157 
56 9660 96 80 164 
57 9653 94 80 173 
58 9650 80 81 189 
59 9645 73 78 204 
60 9635 79 73 213 
61 9627 79 70 224 
62 9622 74 69 235 
63 9612 78 66 244 
64 9604 79 64 253 
65 9597 75 58 270 
66 9592 68 58 282 
67 9583 70 61 286 
68 9569 81 56 294 
69 9554 91 51 304 
70 9548 87 55 310 
71 9542 85 56 317 
72 9533 89 50 328 
73 9527 85 48 340 
74 9522 82 49 347 
75 9514 83 53 350 
76 9507 85 53 355 
77 9498 85 52 365 
78 9493 76 58 373 
79 9487 67 68 378 
80 9472 76 64 388 
81 9463 79 62 396 
82 9454 79 64 403 
83 9445 82 65 408 
84 9433 89 61 417 
85 9427 87 55 431 
86 9423 84 47 446 
87 9413 85 50 452 
88 9406 87 49 458 
89 9399 88 46 467 
90 9396 76 55 473 
91 9385 78 59 478 
92 9377 77 60 486 
93 9369 76 62 493 
94 9365 68 65 502 
95 9361 66 66 507 
96 9350 73 64 513 
97 9343 70 59 528 
98 9335 71 57 537 
99 9323 76 55 546 
100 9312 84 49 555 
101 9304 81 48 567 
102 9299 78 50 573 
103 9294 75 54 577 
104 9285 80 48 587 
105 9275 86 45 594 
106 9270 80 49 601 
107 9264 79 53 604 
108 9257 78 50 615 
109 9244 79 54 623 
110 9236 76 57 631 
111 9230 74 61 635 
112 9222 77 62 639 
113 9212 82 56 650 
114 9208 77 58 657 
115 9199 76 60 665 
116 9195 75 53 677 
117 9191 73 48 688 
118 9187 70 47 696 
119 9175 69 55 701 
120 9167 69 58 706 
121 9162 68 55 715 
122 9157 65 53 725 
123 9143 69 58 730 
124 9138 70 56 736 
125 9132 67 58 743 
126 9128 67 49 756 
127 9121 70 45 764 
128 9115 72 43 770 
129 9111 64 47 778 
130 9109 58 45 788 
131 9106 56 46 792 
132 9097 60 42 801 
133 9094 49 52 805 
134 9088 50 53 809 
135 9081 51 55 813 
136 9074 54 47 825 
137 9066 55 46 833 
138 9062 53 47 838 
139 9055 56 46 843 
140 9053 56 34 857 
141 9048 58 32 862 
142 9041 56 35 868 
143 9036 58 34 872 
144 9033 55 33 879 
145 9028 53 34 885 
146 9023 51 37 889 
147 9016 50 43 891 
148 9012 50 44 894 
149 9006 49 42 903 
150 9003 50 41 906 
151 8999 49 40 912 
152 8998 43 40 919 
153 8993 43 38 926 
154 8986 47 33 934 
155 8984 44 34 938 
156 8980 43 32 945 
157 8978 38 37 947 
158 8974 38 36 952 
159 8971 35 35 959 
160 8968 35 33 964 
161 8966 33 34 967 
162 8962 36 30 972 
163 8958 35 30 977 
164 8955 31 30 984 
165 8951 33 28 988 
166 8949 31 26 994 
167 8946 32 25 997 
168 8945 29 25 1001 
169 8943 28 27 1002 
170 8941 27 25 1007 
171 8939 27 20 1014 
172 8938 24 22 1016 
173 8932 26 22 1020 
174 8930 25 23 1022 
175 8927 24 23 1026 
176 8925 24 22 1029 
177 8925 21 22 1032 
178 8921 24 21 1034 
179 8915 28 19 1038 
180 8913 28 17 1042 
181 8909 30 16 1045 
182 8906 32 13 1049 
183 8906 26 17 1051 
184 8902 28 16 1054 
185 8900 27 18 1055 
186 8898 27 18 1057 
187 8896 29 16 1059 
188 8895 26 18 1061 
189 8892 23 23 1062 
190 8890 23 19 1068 
191 8888 21 21 1070 
192 8887 19 21 1073 
193 8885 21 19 1075 
194 8882 20 23 1075 
195 8877 23 21 1079 
196 8876 22 17 1085 
197 8872 24 17 1087 
198 8871 24 14 1091 
199 8869 23 14 1094 
200 8869 21 16 1094 
201 8865 23 14 1098 
202 8863 24 13 1100 
203 8861 24 13 1102 
204 8860 22 14 1104 
205 8859 18 18 1105 
206 8858 18 16 1108 
207 8856 16 18 1110 
208 8851 20 17 1112 
209 8850 19 18 1113 
210 8846 23 16 1115 
211 8846 19 17 1118 
212 8844 19 14 1123 
213 8844 17 15 1124 
214 8841 19 12 1128 
215 8839 20 12 1129 
216 8837 21 11 1131 
217 8836 20 13 1131 
218 8836 15 14 1135 
219 8834 16 13 1137 
220 8833 13 15 1139 
221 8831 15 14 1140 
222 8831 13 15 1141 
223 8828 16 14 1142 
224 8826 15 15 1144 
225 8826 13 12 1149 
226 8826 11 13 1150 
227 8825 11 10 1154 
228 8825 11 10 1154 
229 8824 10 10 1156 
230 8821 12 11 1156 
231 8821 10 10 1159 
232 8819 12 8 1161 
233 8818 10 9 1163 
234 8818 8 10 1164 
235 8817 9 10 1164 
236 8817 9 8 1166 
237 8817 8 8 1167 
238 8817 8 6 1169 
239 8816 8 7 1169 
240 8815 6 7 1172 
241 8814 7 5 1174 
242 8814 5 7 1174 
243 8813 5 8 1174 
244 8811 7 7 1175 
245 8809 8 8 1175 
246 8809 8 7 1176 
247 8808 9 4 1179 
248 8808 9 4 1179 
249 8807 9 3 1181 
250 8807 8 3 1182 
251 8807 7 4 1182 
252 8807 7 3 1183 
253 8806 7 4 1183 
254 8805 6 6 1183 
255 8804 5 8 1183 
256 8803 6 7 1184 
257 8802 6 7 1185 
258 8802 6 6 1186 
259 8801 6 7 1186 
260 8801 6 6 1187 
261 8801 6 4 1189 
262 8801 6 2 1191 
263 8801 5 3 1191 
264 8799 6 3 1192 
265 8799 5 4 1192 
266 8798 5 4 1193 
267 8798 4 5 1193 
268 8798 4 5 1193 
269 8798 3 6 1193 
270 8798 3 5 1194 
271 8796 5 4 1195 
272 8796 5 3 1196 
273 8795 6 2 1197 
274 8794 5 3 1198 
275 8794 5 3 1198 
276 8794 4 3 1199 
277 8792 6 3 1199 
278 8792 6 3 1199 
279 8791 7 3 1199 
280 8791 7 3 1199 
281 8790 6 3 1201 
282 8790 6 3 1201 
283 8790 5 3 1202 
284 8789 5 4 1202 
285 8789 5 4 1202 
286 8789 5 4 1202 
287 8789 3 6 1202 
288 8788 4 4 1204 
289 8788 3 5 1204 
290 8787 4 4 1205 
291 8787 3 4 1206 
292 8787 3 4 1206 
293 8787 3 4 1206 
294 8787 2 3 1208 
295 8786 3 3 1208 
296 8786 3 2 1209 
297 8786 3 2 1209 
298 8786 2 2 1210 
299 8786 2 2 1210 
300 8786 1 3 1210 
301 8786 1 2 1211 
302 8785 2 2 1211 
303 8785 2 2 1211 
304 8785 2 2 1211 
305 8785 1 2 1212 
306 8785 1 2 1212 
307 8785 1 1 1213 
308 8785 1 1 1213 
309 8784 2 1 1213 
310 8784 2 1 1213 
311 8784 2 1 1213 
312 8784 1 1 1214 
313 8784 1 1 1214 
314 8784 1 1 1214 
315 8784 1 1 1214 
316 8784 1 1 1214 
317 8784 1 1 1214 
318 8784 1 1 1214 
319 8784 0 1 1215 
320 8784 0 1 1215 
321 8784 0 1 1215 
322 8784 0 1 1215 
323 8784 0 1 1215 
324 8784 0 1 1215 
325 8784 0 1 1215 
326 8784 0 0 1216 
327 8784 0 0 1216 
328 8784 0 0 1216 
329 8784 0 0 1216 
330 8784 0 0 1216 
331 8784 0 0 1216 
332 8784 0 0 1216 
333 8784 0 0 1216 
334 8784 0 0 1216 
335 8784 0 0 1216 
336 8784 0 0 1216 
337 8784 0 0 1216 
338 8784 0 0 1216 
