0 9995 3 2 0 
1 9992 6 2 0 
2 9992 6 2 0 
3 9991 7 2 0 
4 9991 7 2 0 
5 9990 8 2 0 
6 9988 10 2 0 
7 9988 10 2 0 
8 9988 10 0 2 
9 9988 10 0 2 
10 9988 10 0 2 
11 9988 4 6 2 
12 9985 7 6 2 
13 9981 10 7 2 
14 9978 13 7 2 
15 9976 14 8 2 
16 9974 14 10 2 
17 9972 16 10 2 
18 9971 17 4 8 
19 9971 17 4 8 
20 9969 19 3 9 
21 9969 19 3 9 
22 9968 17 5 10 
23 9966 15 7 12 
24 9964 14 10 12 
25 9955 21 12 12 
26 9952 22 14 12 
27 9949 23 16 12 
28 9947 24 17 12 
29 9944 27 14 15 
30 9941 28 12 19 
31 9940 29 9 22 
32 9939 29 8 24 
33 9938 28 8 26 
34 9934 30 8 28 
35 9932 23 16 29 
36 9922 30 19 29 
37 9916 33 20 31 
38 9910 37 22 31 
39 9905 39 24 32 
40 9900 41 25 34 
41 9893 47 24 36 
42 9886 53 16 45 
43 9883 55 14 48 
44 9881 53 15 51 
45 9879 53 15 53 
46 9877 45 22 56 
47 9866 50 25 59 
48 9855 55 30 60 
49 9846 59 34 61 
50 9836 64 38 62 
51 9830 63 41 66 
52 9827 59 46 68 
53 9825 58 39 78 
54 9821 60 35 84 
55 9819 60 31 90 
56 9816 61 28 95 
57 9814 52 34 100 
58 9811 44 38 107 
59 9804 42 40 114 
60 9793 43 47 117 
61 9788 42 51 119 
62 9784 43 52 121 
63 9782 43 52 123 
64 9774 47 45 134 
65 9772 47 36 145 
66 9767 49 30 154 
67 9764 50 22 164 
68 9758 53 19 170 
69 9756 48 23 173 
70 9750 43 32 175 
71 9746 42 33 179 
72 9738 46 35 181 
73 9729 53 34 184 
74 9726 48 40 186 
75 9725 47 39 189 
76 9720 47 37 196 
77 9713 51 29 207 
78 9711 47 30 212 
79 9710 46 28 216 
80 9710 40 32 218 
81 9707 39 28 226 
82 9702 36 34 228 
83 9696 33 38 233 
84 9692 34 38 236 
85 9687 38 33 242 
86 9677 43 36 244 
87 9675 38 37 250 
88 9672 39 35 254 
89 9669 41 28 262 
90 9664 46 19 271 
91 9663 44 19 274 
92 9661 41 23 275 
93 9657 39 24 280 
94 9653 39 21 287 
95 9649 38 24 289 
96 9644 33 33 290 
97 9641 34 35 290 
98 9637 35 35 293 
99 9633 36 33 298 
100 9633 31 32 304 
101 9628 35 29 308 
102 9627 34 26 313 
103 9624 33 20 323 
104 9622 31 22 325 
105 9619 30 23 328 
106 9619 25 25 331 
107 9614 27 23 336 
108 9610 27 26 337 
109 9607 26 28 339 
110 9607 26 24 343 
111 9605 23 25 347 
112 9603 24 22 351 
113 9599 25 20 356 
114 9596 26 19 359 
115 9594 25 18 363 
116 9593 26 14 367 
117 9590 24 19 367 
118 9589 21 18 372 
119 9585 22 20 373 
120 9582 25 17 376 
121 9578 27 17 378 
122 9577 26 16 381 
123 9576 23 20 381 
124 9571 25 18 386 
125 9566 28 16 390 
126 9563 30 14 393 
127 9563 27 17 393 
128 9560 29 16 395 
129 9558 27 18 397 
130 9555 27 17 401 
131 9555 23 18 404 
132 9554 23 17 406 
133 9551 25 17 407 
134 9550 21 19 410 
135 9547 19 23 411 
136 9542 21 22 415 
137 9540 23 19 418 
138 9537 23 18 422 
139 9535 23 19 423 
140 9531 24 21 424 
141 9529 26 16 429 
142 9526 28 12 434 
143 9525 26 12 437 
144 9523 27 13 437 
145 9522 25 13 440 
146 9520 22 16 442 
147 9518 22 15 445 
148 9514 23 18 445 
149 9513 22 19 446 
150 9511 20 20 449 
151 9510 19 21 450 
152 9509 17 21 453 
153 9503 22 17 458 
154 9500 23 17 460 
155 9499 23 15 463 
156 9498 22 15 465 
157 9494 24 13 469 
158 9494 20 15 471 
159 9490 23 13 474 
160 9487 24 14 475 
161 9485 25 13 477 
162 9485 24 13 478 
163 9484 19 17 480 
164 9482 18 18 482 
165 9481 18 15 486 
166 9480 18 15 487 
167 9479 15 17 489 
168 9479 15 16 490 
169 9477 13 19 491 
170 9474 13 16 497 
171 9474 11 15 500 
172 9473 12 14 501 
173 9472 12 14 502 
174 9470 12 12 506 
175 9468 13 13 506 
176 9467 13 10 510 
177 9466 13 8 513 
178 9465 14 6 515 
179 9465 12 8 515 
180 9465 9 10 516 
181 9464 10 8 518 
182 9464 9 8 519 
183 9464 8 8 520 
184 9464 6 9 521 
185 9463 5 11 521 
186 9461 6 10 523 
187 9461 5 8 526 
188 9461 4 9 526 
189 9460 5 8 527 
190 9455 10 7 528 
191 9454 10 6 530 
192 9454 10 4 532 
193 9454 10 3 533 
194 9454 10 2 534 
195 9453 10 2 535 
196 9453 8 4 535 
197 9452 9 4 535 
198 9451 10 3 536 
199 9451 9 4 536 
200 9451 4 9 536 
201 9448 6 10 536 
202 9448 6 9 537 
203 9447 7 7 539 
204 9447 7 7 539 
205 9446 7 8 539 
206 9446 7 7 540 
207 9446 6 3 545 
208 9446 5 3 546 
209 9446 5 3 546 
210 9445 6 3 546 
211 9445 3 6 546 
212 9444 4 5 547 
213 9444 3 6 547 
214 9442 5 5 548 
215 9441 5 5 549 
216 9440 6 5 549 
217 9440 6 5 549 
218 9440 6 2 552 
219 9440 6 2 552 
220 9440 5 2 553 
221 9439 6 2 553 
222 9439 5 2 554 
223 9438 6 2 554 
224 9437 5 4 554 
225 9437 4 5 554 
226 9435 5 6 554 
227 9435 5 5 555 
228 9435 5 5 555 
229 9435 5 4 556 
230 9434 6 4 556 
231 9433 6 3 558 
232 9432 7 2 559 
233 9432 6 2 560 
234 9431 6 3 560 
235 9431 6 3 560 
236 9431 4 5 560 
237 9431 4 5 560 
238 9431 4 4 561 
239 9431 4 4 561 
240 9431 3 4 562 
241 9430 3 4 563 
242 9430 2 5 563 
243 9430 2 3 565 
244 9430 1 4 565 
245 9430 1 4 565 
246 9430 1 4 565 
247 9429 2 3 566 
248 9429 2 2 567 
249 9428 3 1 568 
250 9428 3 1 568 
251 9428 2 1 569 
252 9428 2 1 569 
253 9428 2 1 569 
254 9428 2 1 569 
255 9427 3 1 569 
256 9427 3 1 569 
257 9427 2 2 569 
258 9427 2 1 570 
259 9427 1 2 570 
260 9426 2 2 570 
261 9426 2 2 570 
262 9426 2 2 570 
263 9426 2 2 570 
264 9426 2 1 571 
265 9426 1 2 571 
266 9426 1 1 572 
267 9426 1 1 572 
268 9426 1 1 572 
269 9426 1 1 572 
270 9426 0 2 572 
271 9426 0 2 572 
272 9426 0 1 573 
273 9426 0 1 573 
274 9426 0 1 573 
275 9426 0 1 573 
276 9426 0 1 573 
277 9426 0 0 574 
278 9426 0 0 574 
279 9426 0 0 574 
280 9426 0 0 574 
281 9426 0 0 574 
282 9426 0 0 574 
283 9426 0 0 574 
284 9426 0 0 574 
285 9426 0 0 574 
286 9426 0 0 574 
287 9426 0 0 574 
288 9426 0 0 574 
289 9426 0 0 574 
