0 9997 2 1 0 
1 9997 2 1 0 
2 9996 3 1 0 
3 9996 3 1 0 
4 9996 3 1 0 
5 9996 3 1 0 
6 9995 4 1 0 
7 9993 6 1 0 
8 9993 6 0 1 
9 9993 6 0 1 
10 9993 6 0 1 
11 9993 4 2 1 
12 9991 5 3 1 
13 9990 6 3 1 
14 9989 7 3 1 
15 9989 7 3 1 
16 9989 6 4 1 
17 9986 7 6 1 
18 9984 9 4 3 
19 9983 10 3 4 
20 9981 12 3 4 
21 9981 12 3 4 
22 9981 10 5 4 
23 9978 12 5 5 
24 9977 12 4 7 
25 9976 13 4 7 
26 9976 13 4 7 
27 9975 11 7 7 
28 9973 11 9 7 
29 9972 11 8 9 
30 9970 11 9 10 
31 9965 16 8 11 
32 9964 17 8 11 
33 9964 14 11 11 
34 9963 14 9 14 
35 9961 15 8 16 
36 9956 20 7 17 
37 9955 20 6 19 
38 9955 18 8 19 
39 9953 19 9 19 
40 9953 17 8 22 
41 9947 18 12 23 
42 9942 22 12 24 
43 9940 24 12 24 
44 9936 27 12 25 
45 9933 28 12 27 
46 9932 24 16 28 
47 9929 26 15 30 
48 9926 29 10 35 
49 9924 29 11 36 
50 9923 30 11 36 
51 9921 26 16 37 
52 9921 21 19 39 
53 9919 21 16 44 
54 9918 18 19 45 
55 9917 16 22 45 
56 9913 19 21 47 
57 9912 17 24 47 
58 9912 14 21 53 
59 9906 18 18 58 
60 9904 19 17 60 
61 9902 19 15 64 
62 9902 19 12 67 
63 9902 17 13 68 
64 9902 16 11 71 
65 9900 17 9 74 
66 9899 14 11 76 
67 9896 16 11 77 
68 9894 18 9 79 
69 9893 13 15 79 
70 9891 13 15 81 
71 9889 13 16 82 
72 9886 16 15 83 
73 9883 19 11 87 
74 9881 21 10 88 
75 9880 20 12 88 
76 9879 20 7 94 
77 9878 18 8 96 
78 9876 18 8 98 
79 9875 18 9 98 
80 9874 17 11 98 
81 9873 16 13 98 
82 9872 14 14 100 
83 9870 13 16 101 
84 9867 14 15 104 
85 9865 15 14 106 
86 9862 17 14 107 
87 9860 18 13 109 
88 9860 16 13 111 
89 9858 17 11 114 
90 9857 17 9 117 
91 9855 18 8 119 
92 9854 18 8 120 
93 9853 17 9 121 
94 9850 17 11 122 
95 9849 16 11 124 
96 9848 14 13 125 
97 9846 14 14 126 
98 9844 16 13 127 
99 9844 14 14 128 
100 9842 15 13 130 
101 9839 16 12 133 
102 9837 17 11 135 
103 9836 17 9 138 
104 9833 17 10 140 
105 9832 17 11 140 
106 9830 18 10 142 
107 9830 16 11 143 
108 9827 17 11 145 
109 9826 18 10 146 
110 9826 16 11 147 
111 9823 16 11 150 
112 9821 16 12 151 
113 9819 17 12 152 
114 9818 15 13 154 
115 9817 15 12 156 
116 9816 14 14 156 
117 9813 17 12 158 
118 9810 17 12 161 
119 9807 19 11 163 
120 9805 21 10 164 
121 9805 18 10 167 
122 9805 16 11 168 
123 9804 15 11 170 
124 9802 16 12 170 
125 9800 17 10 173 
126 9798 18 10 174 
127 9798 15 13 174 
128 9796 14 13 177 
129 9795 12 14 179 
130 9794 11 14 181 
131 9793 12 13 182 
132 9789 16 12 183 
133 9788 16 12 184 
134 9786 16 11 187 
135 9786 14 10 190 
136 9782 16 9 193 
137 9782 16 7 195 
138 9782 14 9 195 
139 9782 13 10 195 
140 9781 13 10 196 
141 9779 14 9 198 
142 9779 10 11 200 
143 9776 12 10 202 
144 9774 12 12 202 
145 9772 14 10 204 
146 9770 12 13 205 
147 9770 12 12 206 
148 9770 12 11 207 
149 9770 12 7 211 
150 9770 11 7 212 
151 9770 9 7 214 
152 9769 10 7 214 
153 9768 8 6 218 
154 9768 6 8 218 
155 9765 7 10 218 
156 9763 7 12 218 
157 9762 8 11 219 
158 9761 9 9 221 
159 9759 11 9 221 
160 9759 11 6 224 
161 9759 11 4 226 
162 9759 10 3 228 
163 9759 9 2 230 
164 9759 9 2 230 
165 9759 6 5 230 
166 9757 6 7 230 
167 9755 7 8 230 
168 9755 6 9 230 
169 9752 7 10 231 
170 9749 10 9 232 
171 9745 14 9 232 
172 9745 14 6 235 
173 9745 14 4 237 
174 9744 15 3 238 
175 9744 15 2 239 
176 9744 13 2 241 
177 9743 12 4 241 
178 9743 12 4 241 
179 9743 9 7 241 
180 9743 6 10 241 
181 9743 2 14 241 
182 9742 3 14 241 
183 9742 3 12 243 
184 9741 3 11 245 
185 9739 5 11 245 
186 9739 5 8 248 
187 9737 6 6 251 
188 9737 6 2 255 
189 9737 6 2 255 
190 9736 7 2 255 
191 9736 7 1 256 
192 9736 6 2 256 
193 9736 6 2 256 
194 9735 6 2 257 
195 9735 4 4 257 
196 9734 5 4 257 
197 9734 3 6 257 
198 9733 4 6 257 
199 9733 4 5 258 
200 9733 3 6 258 
201 9731 5 5 259 
202 9731 5 3 261 
203 9731 5 3 261 
204 9731 4 2 263 
205 9730 5 2 263 
206 9730 4 3 263 
207 9729 5 2 264 
208 9729 4 3 264 
209 9729 4 3 264 
210 9728 5 3 264 
211 9727 4 4 265 
212 9726 5 4 265 
213 9726 5 3 266 
214 9726 5 3 266 
215 9726 4 3 267 
216 9725 5 3 267 
217 9725 4 4 267 
218 9724 5 2 269 
219 9724 5 2 269 
220 9724 4 3 269 
221 9724 3 4 269 
222 9723 3 4 270 
223 9723 3 4 270 
224 9722 4 3 271 
225 9721 5 3 271 
226 9721 4 4 271 
227 9721 4 3 272 
228 9721 3 3 273 
229 9720 4 2 274 
230 9720 4 2 274 
231 9720 4 2 274 
232 9720 3 3 274 
233 9719 4 2 275 
234 9719 3 3 275 
235 9719 2 3 276 
236 9719 2 3 276 
237 9719 2 3 276 
238 9718 3 3 276 
239 9718 2 3 277 
240 9718 2 3 277 
241 9718 2 2 278 
242 9718 2 1 279 
243 9718 1 2 279 
244 9718 1 2 279 
245 9718 1 2 279 
246 9717 2 1 280 
247 9717 2 1 280 
248 9717 1 2 280 
249 9717 1 2 280 
250 9717 1 1 281 
251 9717 1 1 281 
252 9717 1 1 281 
253 9717 1 1 281 
254 9717 1 1 281 
255 9716 2 0 282 
256 9716 1 1 282 
257 9716 1 1 282 
258 9716 1 1 282 
259 9716 1 1 282 
260 9716 1 1 282 
261 9716 1 1 282 
262 9715 2 1 282 
263 9715 2 0 283 
264 9715 2 0 283 
265 9715 1 1 283 
266 9715 1 1 283 
267 9715 1 1 283 
268 9714 2 1 283 
269 9713 3 1 283 
270 9713 3 1 283 
271 9713 3 1 283 
272 9713 2 1 284 
273 9713 2 1 284 
274 9713 2 1 284 
275 9713 2 1 284 
276 9713 2 1 284 
277 9713 2 1 284 
278 9713 1 2 284 
279 9713 0 2 285 
280 9713 0 2 285 
281 9713 0 2 285 
282 9713 0 2 285 
283 9713 0 2 285 
284 9713 0 2 285 
285 9713 0 1 286 
286 9712 1 0 287 
287 9712 1 0 287 
288 9712 1 0 287 
289 9712 1 0 287 
290 9712 1 0 287 
291 9712 1 0 287 
292 9712 1 0 287 
293 9712 1 0 287 
294 9712 1 0 287 
295 9712 1 0 287 
296 9712 0 1 287 
297 9712 0 1 287 
298 9712 0 1 287 
299 9712 0 1 287 
300 9712 0 1 287 
301 9712 0 1 287 
302 9712 0 1 287 
303 9712 0 0 288 
304 9712 0 0 288 
305 9712 0 0 288 
306 9712 0 0 288 
307 9712 0 0 288 
308 9712 0 0 288 
309 9712 0 0 288 
310 9712 0 0 288 
311 9712 0 0 288 
312 9712 0 0 288 
313 9712 0 0 288 
314 9712 0 0 288 
315 9712 0 0 288 
