0 9994 1 5 0 
1 9992 3 5 0 
2 9988 7 5 0 
3 9982 13 5 0 
4 9980 15 5 0 
5 9977 18 5 0 
6 9976 19 5 0 
7 9974 21 5 0 
8 9974 21 0 5 
9 9974 21 0 5 
10 9974 21 0 5 
11 9974 18 3 5 
12 9973 15 7 5 
13 9972 10 13 5 
14 9963 17 15 5 
15 9951 26 18 5 
16 9948 28 19 5 
17 9944 30 21 5 
18 9937 37 18 8 
19 9933 41 14 12 
20 9932 42 8 18 
21 9930 44 6 20 
22 9930 43 4 23 
23 9928 44 4 24 
24 9928 35 11 26 
25 9922 29 23 26 
26 9908 40 26 26 
27 9901 43 30 26 
28 9889 48 37 26 
29 9881 52 40 27 
30 9867 65 40 28 
31 9858 72 33 37 
32 9852 78 21 49 
33 9848 80 20 52 
34 9842 86 16 56 
35 9837 85 15 63 
36 9833 75 25 67 
37 9824 77 31 68 
38 9812 77 41 70 
39 9796 85 49 70 
40 9777 90 61 72 
41 9761 97 70 72 
42 9748 104 70 78 
43 9724 124 60 92 
44 9712 130 59 99 
45 9702 135 52 111 
46 9686 147 48 119 
47 9674 150 43 133 
48 9669 143 46 142 
49 9648 148 56 148 
50 9628 149 71 152 
51 9612 149 81 158 
52 9606 142 89 163 
53 9600 124 109 167 
54 9587 125 112 176 
55 9577 125 110 188 
56 9571 115 110 204 
57 9564 110 103 223 
58 9556 113 92 239 
59 9550 98 100 252 
60 9535 93 96 276 
61 9521 91 100 288 
62 9504 102 96 298 
63 9491 109 86 314 
64 9475 112 87 326 
65 9461 116 92 331 
66 9448 123 77 352 
67 9437 127 64 372 
68 9422 134 56 388 
69 9415 135 56 394 
70 9407 128 65 400 
71 9395 126 66 413 
72 9384 120 73 423 
73 9374 117 80 429 
74 9362 113 89 436 
75 9351 110 95 444 
76 9333 115 102 450 
77 9324 113 98 465 
78 9304 118 99 479 
79 9291 124 89 496 
80 9279 128 84 509 
81 9271 124 80 525 
82 9257 127 77 539 
83 9248 126 74 552 
84 9236 126 75 563 
85 9226 125 71 578 
86 9214 119 82 585 
87 9203 121 83 593 
88 9194 110 91 605 
89 9183 108 93 616 
90 9166 113 95 626 
91 9151 120 91 638 
92 9141 116 94 649 
93 9133 115 85 667 
94 9120 116 88 676 
95 9105 121 78 696 
96 9097 117 77 709 
97 9083 120 76 721 
98 9074 120 77 729 
99 9061 122 74 743 
100 9054 112 82 752 
101 9039 112 85 764 
102 9030 111 85 774 
103 9013 120 81 786 
104 9002 118 83 797 
105 8993 112 89 806 
106 8983 114 86 817 
107 8971 112 83 834 
108 8958 116 77 849 
109 8948 113 80 859 
110 8938 116 79 867 
111 8930 109 81 880 
112 8924 106 75 895 
113 8912 101 84 903 
114 8901 101 81 917 
115 8887 106 81 926 
116 8873 110 78 939 
117 8865 106 83 946 
118 8859 99 81 961 
119 8849 99 82 970 
120 8843 95 75 987 
121 8833 97 72 998 
122 8826 98 69 1007 
123 8815 97 71 1017 
124 8810 91 70 1029 
125 8795 92 71 1042 
126 8783 90 75 1052 
127 8769 96 73 1062 
128 8758 101 71 1070 
129 8749 100 75 1076 
130 8737 106 69 1088 
131 8732 101 68 1099 
132 8724 102 61 1113 
133 8715 100 58 1127 
134 8701 109 55 1135 
135 8691 104 64 1141 
136 8685 98 66 1151 
137 8672 97 74 1157 
138 8661 97 75 1167 
139 8651 98 77 1174 
140 8640 97 78 1185 
141 8623 109 78 1190 
142 8613 111 71 1205 
143 8605 110 68 1217 
144 8599 102 68 1231 
145 8587 104 67 1242 
146 8575 110 64 1251 
147 8569 103 65 1263 
148 8564 97 71 1268 
149 8559 92 73 1276 
150 8551 89 75 1285 
151 8543 80 78 1299 
152 8528 85 78 1309 
153 8513 92 80 1315 
154 8506 93 73 1328 
155 8495 92 74 1339 
156 8484 91 76 1349 
157 8479 90 71 1360 
158 8474 90 59 1377 
159 8469 90 54 1387 
160 8459 92 54 1395 
161 8453 90 56 1401 
162 8449 79 59 1413 
163 8441 72 62 1425 
164 8430 76 63 1431 
165 8417 78 69 1436 
166 8411 73 75 1441 
167 8401 78 72 1449 
168 8399 75 69 1457 
169 8390 79 59 1472 
170 8386 73 54 1487 
171 8374 79 53 1494 
172 8363 86 46 1505 
173 8361 80 43 1516 
174 8359 71 49 1521 
175 8354 63 57 1526 
176 8343 68 58 1531 
177 8337 64 58 1541 
178 8327 72 54 1547 
179 8327 63 59 1551 
180 8318 68 55 1559 
181 8311 63 56 1570 
182 8306 57 54 1583 
183 8296 65 50 1589 
184 8290 69 42 1599 
185 8283 71 45 1601 
186 8279 64 47 1610 
187 8268 69 49 1614 
188 8264 63 47 1626 
189 8257 70 36 1637 
190 8256 62 43 1639 
191 8251 60 48 1641 
192 8243 63 48 1646 
193 8240 56 47 1657 
194 8233 57 47 1663 
195 8230 53 44 1673 
196 8228 51 48 1673 
197 8223 45 50 1682 
198 8221 43 47 1689 
199 8215 42 49 1694 
200 8210 46 40 1704 
201 8207 44 39 1710 
202 8203 40 40 1717 
203 8200 40 39 1721 
204 8197 36 35 1732 
205 8191 39 34 1736 
206 8185 43 29 1743 
207 8181 42 33 1744 
208 8179 42 30 1749 
209 8173 42 28 1757 
210 8167 43 30 1760 
211 8160 47 26 1767 
212 8155 48 27 1770 
213 8150 50 28 1772 
214 8148 49 26 1777 
215 8143 48 30 1779 
216 8139 46 30 1785 
217 8135 46 29 1790 
218 8133 46 28 1793 
219 8132 41 30 1797 
220 8129 38 33 1800 
221 8124 36 37 1803 
222 8115 40 36 1809 
223 8112 38 35 1815 
224 8108 40 33 1819 
225 8105 38 36 1821 
226 8101 38 34 1827 
227 8098 37 32 1833 
228 8097 36 27 1840 
229 8094 38 23 1845 
230 8093 36 21 1850 
231 8090 34 24 1852 
232 8088 27 28 1857 
233 8085 27 27 1861 
234 8083 25 27 1865 
235 8079 26 28 1867 
236 8074 27 31 1868 
237 8072 26 31 1871 
238 8070 27 27 1876 
239 8069 25 21 1885 
240 8065 28 19 1888 
241 8062 28 18 1892 
242 8060 28 17 1895 
243 8058 27 16 1899 
244 8055 28 15 1902 
245 8054 25 18 1903 
246 8054 20 20 1906 
247 8053 19 21 1907 
248 8051 19 20 1910 
249 8047 22 19 1912 
250 8043 22 20 1915 
251 8039 23 21 1917 
252 8036 24 19 1921 
253 8034 24 16 1926 
254 8033 22 17 1928 
255 8032 22 16 1930 
256 8028 26 15 1931 
257 8028 25 12 1935 
258 8027 24 11 1938 
259 8026 21 13 1940 
260 8023 20 15 1942 
261 8021 18 16 1945 
262 8020 16 18 1946 
263 8019 15 20 1946 
264 8017 16 20 1947 
265 8016 16 19 1949 
266 8011 17 19 1953 
267 8010 18 15 1957 
268 8010 17 12 1961 
269 8009 17 10 1964 
270 8007 16 11 1966 
271 8007 14 12 1967 
272 8003 17 12 1968 
273 8003 16 9 1972 
274 8002 15 11 1972 
275 8001 15 11 1973 
276 8000 11 15 1974 
277 7997 13 13 1977 
278 7997 13 11 1979 
279 7995 14 11 1980 
280 7994 13 12 1981 
281 7994 13 10 1983 
282 7994 9 13 1984 
283 7993 10 8 1989 
284 7993 9 8 1990 
285 7991 10 9 1990 
286 7989 11 9 1991 
287 7988 9 10 1993 
288 7987 10 10 1993 
289 7986 9 8 1997 
290 7986 8 9 1997 
291 7985 9 8 1998 
292 7983 11 7 1999 
293 7982 11 7 2000 
294 7982 11 4 2003 
295 7982 9 6 2003 
296 7982 7 6 2005 
297 7982 6 6 2006 
298 7981 6 7 2006 
299 7980 6 8 2006 
300 7980 6 7 2007 
301 7979 6 8 2007 
302 7978 5 8 2009 
303 7978 4 7 2011 
304 7976 6 6 2012 
305 7976 6 5 2013 
306 7976 6 4 2014 
307 7976 6 4 2014 
308 7976 5 4 2015 
309 7975 5 3 2017 
310 7974 6 2 2018 
311 7973 6 3 2018 
312 7971 7 4 2018 
313 7971 7 4 2018 
314 7971 5 6 2018 
315 7970 6 5 2019 
316 7969 7 4 2020 
317 7968 8 4 2020 
318 7968 8 3 2021 
319 7968 7 3 2022 
320 7967 7 4 2022 
321 7966 7 3 2024 
322 7966 5 5 2024 
323 7965 6 5 2024 
324 7965 6 5 2024 
325 7965 5 6 2024 
326 7965 4 6 2025 
327 7965 3 6 2026 
328 7964 4 5 2027 
329 7964 4 3 2029 
330 7964 3 4 2029 
331 7963 3 5 2029 
332 7963 3 4 2030 
333 7962 3 4 2031 
334 7962 3 3 2032 
335 7962 3 3 2032 
336 7962 3 3 2032 
337 7962 3 2 2033 
338 7962 2 2 2034 
339 7962 2 2 2034 
340 7962 2 1 2035 
341 7962 1 2 2035 
342 7961 2 2 2035 
343 7961 1 3 2035 
344 7961 1 3 2035 
345 7960 2 2 2036 
346 7960 2 2 2036 
347 7960 2 2 2036 
348 7960 2 1 2037 
349 7960 2 1 2037 
350 7960 2 0 2038 
351 7960 2 0 2038 
352 7960 1 1 2038 
353 7960 1 1 2038 
354 7960 1 1 2038 
355 7960 0 2 2038 
356 7960 0 2 2038 
357 7960 0 2 2038 
358 7960 0 2 2038 
359 7960 0 1 2039 
360 7959 1 1 2039 
361 7959 1 1 2039 
362 7959 1 0 2040 
363 7959 1 0 2040 
364 7959 1 0 2040 
365 7959 1 0 2040 
366 7959 1 0 2040 
367 7959 1 0 2040 
368 7959 1 0 2040 
369 7959 1 0 2040 
370 7959 0 1 2040 
371 7959 0 1 2040 
372 7959 0 1 2040 
373 7959 0 1 2040 
374 7959 0 1 2040 
375 7959 0 1 2040 
376 7959 0 1 2040 
377 7959 0 0 2041 
378 7959 0 0 2041 
379 7959 0 0 2041 
380 7959 0 0 2041 
381 7959 0 0 2041 
382 7959 0 0 2041 
383 7959 0 0 2041 
384 7959 0 0 2041 
385 7959 0 0 2041 
386 7959 0 0 2041 
387 7959 0 0 2041 
388 7959 0 0 2041 
389 7959 0 0 2041 
