0 9998 2 0 0 
1 9998 2 0 0 
2 9998 2 0 0 
3 9998 2 0 0 
4 9998 2 0 0 
5 9998 2 0 0 
6 9998 2 0 0 
7 9998 2 0 0 
8 9998 2 0 0 
9 9998 2 0 0 
10 9998 2 0 0 
11 9998 0 2 0 
12 9997 1 2 0 
13 9997 1 2 0 
14 9996 2 2 0 
15 9995 3 2 0 
16 9995 3 2 0 
17 9994 4 2 0 
18 9992 6 0 2 
19 9992 6 0 2 
20 9992 6 0 2 
21 9992 6 0 2 
22 9992 5 1 2 
23 9991 6 1 2 
24 9991 5 2 2 
25 9991 4 3 2 
26 9991 4 3 2 
27 9989 5 4 2 
28 9987 5 6 2 
29 9987 5 5 3 
30 9983 9 5 3 
31 9981 11 4 4 
32 9980 12 3 5 
33 9980 11 4 5 
34 9979 12 3 6 
35 9979 12 1 8 
36 9978 13 1 8 
37 9978 11 3 8 
38 9976 11 5 8 
39 9974 13 5 8 
40 9973 10 8 9 
41 9971 10 10 9 
42 9966 14 11 9 
43 9965 15 11 9 
44 9964 15 10 11 
45 9962 17 8 13 
46 9962 16 9 13 
47 9961 17 5 17 
48 9959 17 5 19 
49 9958 16 6 20 
50 9953 20 7 20 
51 9953 18 8 21 
52 9951 15 13 21 
53 9950 15 13 22 
54 9944 20 14 22 
55 9941 21 14 24 
56 9940 22 12 26 
57 9940 21 12 27 
58 9939 20 12 29 
59 9938 20 8 34 
60 9937 16 12 35 
61 9934 19 11 36 
62 9932 19 11 38 
63 9931 19 12 38 
64 9930 14 17 39 
65 9926 15 18 41 
66 9922 18 18 42 
67 9921 19 13 47 
68 9920 19 14 47 
69 9916 22 13 49 
70 9914 23 13 50 
71 9914 20 10 56 
72 9912 20 9 59 
73 9912 19 9 60 
74 9910 20 10 60 
75 9908 18 13 61 
76 9907 15 16 62 
77 9906 15 16 63 
78 9903 17 14 66 
79 9900 16 16 68 
80 9900 14 17 69 
81 9898 16 16 70 
82 9897 15 14 74 
83 9892 20 10 78 
84 9891 19 11 79 
85 9891 17 12 80 
86 9888 19 9 84 
87 9887 19 8 86 
88 9885 18 11 86 
89 9884 16 12 88 
90 9881 19 12 88 
91 9877 21 12 90 
92 9875 22 11 92 
93 9875 17 15 93 
94 9873 18 15 94 
95 9871 20 12 97 
96 9869 19 12 100 
97 9867 20 13 100 
98 9866 19 13 102 
99 9862 22 13 103 
100 9858 23 11 108 
101 9857 20 14 109 
102 9854 21 16 109 
103 9851 24 13 112 
104 9849 24 14 113 
105 9848 23 14 115 
106 9847 22 15 116 
107 9846 21 14 119 
108 9841 25 11 123 
109 9839 23 13 125 
110 9839 19 17 125 
111 9836 21 16 127 
112 9832 22 17 129 
113 9831 20 18 131 
114 9830 19 18 133 
115 9827 21 18 134 
116 9825 22 15 138 
117 9823 23 12 142 
118 9822 19 16 143 
119 9820 19 15 146 
120 9816 23 12 149 
121 9814 22 13 151 
122 9814 18 16 152 
123 9811 20 16 153 
124 9809 21 16 154 
125 9807 20 14 159 
126 9806 19 14 161 
127 9806 17 16 161 
128 9806 16 14 164 
129 9802 18 12 168 
130 9799 17 15 169 
131 9798 16 16 170 
132 9796 18 13 173 
133 9793 18 14 175 
134 9792 17 14 177 
135 9790 17 15 178 
136 9788 18 14 180 
137 9785 21 10 184 
138 9785 21 8 186 
139 9785 17 12 186 
140 9781 18 12 189 
141 9779 19 11 191 
142 9777 19 11 193 
143 9777 16 13 194 
144 9776 16 14 194 
145 9775 15 16 194 
146 9775 13 14 198 
147 9771 14 14 201 
148 9770 15 13 202 
149 9769 16 11 204 
150 9767 14 12 207 
151 9767 12 13 208 
152 9767 10 13 210 
153 9766 11 11 212 
154 9765 11 9 215 
155 9764 11 10 215 
156 9761 14 10 215 
157 9760 11 10 219 
158 9760 10 9 221 
159 9758 11 8 223 
160 9758 9 10 223 
161 9756 11 9 224 
162 9756 11 8 225 
163 9755 11 9 225 
164 9755 10 6 229 
165 9754 10 6 230 
166 9754 7 8 231 
167 9754 6 7 233 
168 9751 9 7 233 
169 9750 8 9 233 
170 9749 9 8 234 
171 9749 7 9 235 
172 9746 10 8 236 
173 9746 9 6 239 
174 9745 10 5 240 
175 9744 10 6 240 
176 9742 12 4 242 
177 9741 13 4 242 
178 9741 10 5 244 
179 9741 9 6 244 
180 9740 9 6 245 
181 9739 10 6 245 
182 9739 7 8 246 
183 9737 9 8 246 
184 9737 8 9 246 
185 9737 7 7 249 
186 9736 6 8 250 
187 9736 5 8 251 
188 9736 5 8 251 
189 9733 8 5 254 
190 9732 8 6 254 
191 9732 7 6 255 
192 9731 8 5 256 
193 9730 7 5 258 
194 9730 7 4 259 
195 9729 8 4 259 
196 9729 7 5 259 
197 9728 8 4 260 
198 9728 8 3 261 
199 9728 5 6 261 
200 9727 5 5 263 
201 9727 5 5 263 
202 9727 4 6 263 
203 9727 3 6 264 
204 9726 4 6 264 
205 9725 4 7 264 
206 9724 5 4 267 
207 9724 4 4 268 
208 9724 4 4 268 
209 9724 4 3 269 
210 9724 3 3 270 
211 9724 3 3 270 
212 9723 4 2 271 
213 9722 5 2 271 
214 9722 4 2 272 
215 9722 3 3 272 
216 9721 3 4 272 
217 9721 3 3 273 
218 9721 3 3 273 
219 9720 4 3 273 
220 9720 4 3 273 
221 9720 4 2 274 
222 9719 4 2 275 
223 9719 3 2 276 
224 9718 4 2 276 
225 9718 4 2 276 
226 9718 3 3 276 
227 9718 3 3 276 
228 9718 3 3 276 
229 9718 2 3 277 
230 9718 2 2 278 
231 9718 2 2 278 
232 9718 1 3 278 
233 9718 1 2 279 
234 9718 0 3 279 
235 9718 0 3 279 
236 9718 0 2 280 
237 9718 0 2 280 
238 9718 0 2 280 
239 9718 0 1 281 
240 9718 0 1 281 
241 9718 0 0 282 
242 9718 0 0 282 
243 9718 0 0 282 
244 9718 0 0 282 
245 9718 0 0 282 
246 9718 0 0 282 
247 9718 0 0 282 
248 9718 0 0 282 
249 9718 0 0 282 
250 9718 0 0 282 
251 9718 0 0 282 
252 9718 0 0 282 
253 9718 0 0 282 
