0 9995 3 2 0 
1 9993 5 2 0 
2 9993 5 2 0 
3 9992 6 2 0 
4 9992 6 2 0 
5 9992 6 2 0 
6 9989 9 2 0 
7 9988 10 2 0 
8 9988 10 0 2 
9 9988 10 0 2 
10 9988 10 0 2 
11 9988 5 5 2 
12 9984 9 5 2 
13 9981 11 6 2 
14 9978 14 6 2 
15 9977 15 6 2 
16 9974 15 9 2 
17 9970 18 10 2 
18 9968 20 5 7 
19 9968 20 5 7 
20 9966 22 4 8 
21 9966 22 4 8 
22 9963 21 8 8 
23 9961 20 8 11 
24 9959 19 10 12 
25 9958 19 11 12 
26 9955 19 14 12 
27 9949 21 18 12 
28 9945 23 20 12 
29 9940 28 16 16 
30 9937 29 15 19 
31 9933 33 12 22 
32 9931 32 14 23 
33 9929 32 13 26 
34 9923 36 11 30 
35 9920 38 10 32 
36 9917 38 13 32 
37 9910 39 17 34 
38 9904 41 21 34 
39 9897 43 23 37 
40 9891 46 24 39 
41 9883 50 26 41 
42 9878 53 27 42 
43 9872 57 26 45 
44 9862 61 26 51 
45 9854 66 25 55 
46 9846 71 23 60 
47 9839 71 27 63 
48 9825 79 29 67 
49 9816 81 34 69 
50 9809 82 38 71 
51 9806 77 40 77 
52 9804 74 42 80 
53 9799 73 45 83 
54 9794 68 48 90 
55 9786 68 50 96 
56 9775 71 51 103 
57 9765 74 52 109 
58 9756 69 58 117 
59 9751 65 62 122 
60 9746 63 63 128 
61 9741 65 56 138 
62 9734 70 50 146 
63 9731 68 47 154 
64 9728 66 45 161 
65 9724 62 39 175 
66 9717 58 41 184 
67 9711 54 44 191 
68 9705 51 50 194 
69 9697 54 53 196 
70 9689 57 53 201 
71 9683 58 53 206 
72 9679 55 52 214 
73 9674 57 44 225 
74 9672 56 37 235 
75 9665 59 32 244 
76 9659 58 34 249 
77 9656 55 35 254 
78 9651 54 36 259 
79 9642 55 37 266 
80 9638 51 42 269 
81 9631 52 45 272 
82 9624 55 45 276 
83 9621 53 43 283 
84 9613 59 39 289 
85 9608 57 40 295 
86 9606 53 38 303 
87 9600 56 33 311 
88 9595 56 32 317 
89 9593 49 37 321 
90 9585 53 36 326 
91 9579 52 41 328 
92 9573 51 41 335 
93 9568 53 38 341 
94 9559 54 43 344 
95 9554 54 43 349 
96 9548 58 36 358 
97 9543 57 38 362 
98 9539 56 36 369 
99 9535 58 31 376 
100 9529 56 36 379 
101 9527 52 34 387 
102 9520 53 35 392 
103 9516 52 38 394 
104 9513 46 41 400 
105 9503 51 41 405 
106 9495 53 45 407 
107 9488 55 42 415 
108 9481 58 40 421 
109 9475 60 38 427 
110 9474 55 39 432 
111 9471 56 32 441 
112 9468 52 34 446 
113 9461 55 32 452 
114 9458 55 30 457 
115 9456 47 36 461 
116 9450 45 40 465 
117 9450 38 41 471 
118 9441 40 46 473 
119 9435 40 45 480 
120 9428 46 42 484 
121 9425 46 42 487 
122 9424 44 35 497 
123 9422 39 34 505 
124 9421 37 30 512 
125 9418 38 25 519 
126 9418 32 25 525 
127 9417 33 24 526 
128 9413 28 30 529 
129 9411 24 33 532 
130 9408 20 33 539 
131 9401 24 33 542 
132 9399 25 32 544 
133 9397 25 28 550 
134 9395 26 29 550 
135 9392 26 23 559 
136 9388 30 17 565 
137 9387 30 11 572 
138 9386 27 12 575 
139 9384 27 13 576 
140 9384 24 14 578 
141 9383 18 20 579 
142 9383 16 19 582 
143 9381 16 21 582 
144 9374 21 22 583 
145 9372 20 21 587 
146 9372 16 23 589 
147 9370 17 21 592 
148 9365 21 15 599 
149 9365 19 15 601 
150 9364 20 13 603 
151 9364 19 12 605 
152 9364 19 9 608 
153 9364 17 7 612 
154 9364 10 13 613 
155 9360 12 14 614 
156 9359 13 12 616 
157 9357 13 14 616 
158 9357 8 18 617 
159 9351 14 18 617 
160 9348 16 17 619 
161 9345 19 10 626 
162 9344 20 8 628 
163 9343 21 8 628 
164 9343 21 6 630 
165 9342 18 5 635 
166 9340 19 6 635 
167 9337 20 7 636 
168 9335 22 7 636 
169 9335 16 13 636 
170 9333 15 16 636 
171 9332 13 19 636 
172 9328 16 16 640 
173 9326 17 16 641 
174 9324 19 14 643 
175 9321 21 15 643 
176 9321 19 11 649 
177 9321 16 11 652 
178 9320 15 10 655 
179 9318 17 9 656 
180 9318 15 10 657 
181 9318 14 11 657 
182 9317 11 14 658 
183 9315 11 14 660 
184 9312 12 13 663 
185 9309 12 14 665 
186 9306 15 14 665 
187 9306 15 12 667 
188 9305 15 12 668 
189 9305 13 10 672 
190 9301 17 8 674 
191 9299 19 6 676 
192 9297 20 4 679 
193 9297 18 6 679 
194 9297 15 9 679 
195 9296 13 11 680 
196 9293 13 12 682 
197 9290 16 12 682 
198 9288 17 13 682 
199 9288 17 12 683 
200 9286 15 14 685 
201 9286 13 13 688 
202 9285 12 12 691 
203 9285 12 9 694 
204 9284 13 9 694 
205 9283 13 9 695 
206 9282 11 12 695 
207 9280 10 11 699 
208 9279 9 11 701 
209 9277 11 9 703 
210 9276 10 11 703 
211 9275 11 11 703 
212 9275 10 11 704 
213 9274 11 8 707 
214 9274 10 6 710 
215 9274 9 5 712 
216 9273 9 6 712 
217 9273 7 6 714 
218 9271 8 7 714 
219 9269 8 8 715 
220 9268 8 9 715 
221 9266 9 9 716 
222 9266 9 8 717 
223 9264 10 8 718 
224 9264 10 6 720 
225 9264 10 5 721 
226 9264 9 4 723 
227 9264 9 3 724 
228 9264 7 4 725 
229 9264 5 6 725 
230 9264 4 6 726 
231 9264 2 8 726 
232 9264 2 8 726 
233 9263 1 9 727 
234 9262 2 9 727 
235 9261 3 7 729 
236 9260 4 5 731 
237 9259 5 4 732 
238 9259 5 2 734 
239 9259 5 2 734 
240 9259 5 0 736 
241 9259 5 0 736 
242 9259 5 0 736 
243 9259 4 1 736 
244 9259 3 2 736 
245 9259 2 3 736 
246 9259 1 4 736 
247 9258 1 5 736 
248 9258 1 5 736 
249 9257 2 5 736 
250 9256 3 4 737 
251 9256 3 3 738 
252 9255 4 2 739 
253 9255 4 1 740 
254 9255 4 0 741 
255 9255 4 0 741 
256 9255 4 0 741 
257 9255 3 1 741 
258 9255 3 1 741 
259 9255 2 2 741 
260 9254 2 3 741 
261 9254 2 3 741 
262 9254 1 4 741 
263 9253 2 4 741 
264 9253 2 3 742 
265 9253 2 3 742 
266 9253 2 2 743 
267 9253 2 1 744 
268 9253 2 1 744 
269 9253 2 0 745 
270 9253 1 1 745 
271 9253 1 1 745 
272 9253 1 1 745 
273 9253 0 2 745 
274 9253 0 2 745 
275 9252 1 2 745 
276 9252 1 2 745 
277 9251 2 1 746 
278 9251 2 1 746 
279 9251 2 1 746 
280 9251 2 0 747 
281 9251 2 0 747 
282 9251 2 0 747 
283 9251 2 0 747 
284 9251 2 0 747 
285 9251 1 1 747 
286 9251 1 1 747 
287 9251 0 2 747 
288 9250 1 2 747 
289 9249 2 2 747 
290 9249 2 2 747 
291 9249 2 2 747 
292 9249 2 1 748 
293 9248 3 1 748 
294 9248 3 0 749 
295 9248 3 0 749 
296 9248 3 0 749 
297 9248 3 0 749 
298 9248 2 1 749 
299 9248 1 2 749 
300 9248 1 2 749 
301 9247 2 2 749 
302 9247 2 2 749 
303 9246 2 3 749 
304 9246 2 3 749 
305 9246 2 2 750 
306 9246 2 1 751 
307 9246 2 1 751 
308 9246 2 1 751 
309 9246 2 1 751 
310 9246 2 0 752 
311 9246 1 1 752 
312 9246 1 1 752 
313 9246 0 2 752 
314 9246 0 2 752 
315 9245 1 2 752 
316 9245 1 2 752 
317 9245 1 2 752 
318 9245 1 1 753 
319 9245 1 1 753 
320 9245 1 0 754 
321 9245 1 0 754 
322 9245 1 0 754 
323 9245 1 0 754 
324 9245 1 0 754 
325 9245 0 1 754 
326 9245 0 1 754 
327 9245 0 1 754 
328 9245 0 1 754 
329 9245 0 1 754 
330 9245 0 1 754 
331 9245 0 1 754 
332 9245 0 0 755 
333 9245 0 0 755 
334 9245 0 0 755 
335 9245 0 0 755 
336 9245 0 0 755 
337 9245 0 0 755 
338 9245 0 0 755 
339 9245 0 0 755 
340 9245 0 0 755 
341 9245 0 0 755 
342 9245 0 0 755 
343 9245 0 0 755 
344 9245 0 0 755 
