0 9996 2 2 0 
1 9996 2 2 0 
2 9996 2 2 0 
3 9994 4 2 0 
4 9993 5 2 0 
5 9991 7 2 0 
6 9991 7 2 0 
7 9990 8 2 0 
8 9989 9 0 2 
9 9989 9 0 2 
10 9989 9 0 2 
11 9989 7 2 2 
12 9987 9 2 2 
13 9986 8 4 2 
14 9984 9 5 2 
15 9982 9 7 2 
16 9981 10 7 2 
17 9978 12 8 2 
18 9973 16 7 4 
19 9972 17 7 4 
20 9970 19 5 6 
21 9970 19 4 7 
22 9969 18 4 9 
23 9968 18 5 9 
24 9966 18 6 10 
25 9960 22 7 11 
26 9956 25 8 11 
27 9953 25 11 11 
28 9951 22 16 11 
29 9946 26 15 13 
30 9941 29 16 14 
31 9937 33 14 16 
32 9934 35 13 18 
33 9931 37 13 19 
34 9928 38 12 22 
35 9927 33 13 27 
36 9925 31 16 28 
37 9917 36 17 30 
38 9910 41 19 30 
39 9905 41 23 31 
40 9902 39 27 32 
41 9895 42 29 34 
42 9887 47 26 40 
43 9880 51 25 44 
44 9877 51 25 47 
45 9868 59 24 49 
46 9863 62 21 54 
47 9856 61 24 59 
48 9850 60 27 63 
49 9842 63 29 66 
50 9834 68 29 69 
51 9831 64 33 72 
52 9828 59 40 73 
53 9817 63 45 75 
54 9808 69 40 83 
55 9806 62 42 90 
56 9801 62 42 95 
57 9792 64 46 98 
58 9788 62 45 105 
59 9782 60 45 113 
60 9769 65 46 120 
61 9763 68 46 123 
62 9759 69 40 132 
63 9753 64 46 137 
64 9747 61 48 144 
65 9736 70 44 150 
66 9732 69 41 158 
67 9722 70 42 166 
68 9718 70 43 169 
69 9711 71 46 172 
70 9706 63 48 183 
71 9699 64 45 192 
72 9693 66 47 194 
73 9685 68 48 199 
74 9678 69 45 208 
75 9672 64 52 212 
76 9664 68 50 218 
77 9658 64 47 231 
78 9648 70 45 237 
79 9640 71 48 241 
80 9629 77 47 247 
81 9625 74 48 253 
82 9619 74 43 264 
83 9613 72 47 268 
84 9606 72 44 278 
85 9600 72 46 282 
86 9592 72 47 289 
87 9587 71 48 294 
88 9583 65 51 301 
89 9576 64 53 307 
90 9564 65 56 315 
91 9557 68 53 322 
92 9549 70 53 328 
93 9541 72 51 336 
94 9529 77 52 342 
95 9522 78 48 352 
96 9511 81 48 360 
97 9505 82 42 371 
98 9498 85 42 375 
99 9493 83 43 381 
100 9490 74 49 387 
101 9479 78 49 394 
102 9469 80 51 400 
103 9463 78 51 408 
104 9452 77 58 413 
105 9446 76 61 417 
106 9438 73 65 424 
107 9430 75 59 436 
108 9419 79 59 443 
109 9414 79 56 451 
110 9404 86 51 459 
111 9400 79 50 471 
112 9396 73 53 478 
113 9387 76 48 489 
114 9383 69 53 495 
115 9375 71 52 502 
116 9370 68 55 507 
117 9359 71 60 510 
118 9354 65 60 521 
119 9347 67 55 531 
120 9337 67 59 537 
121 9327 73 52 548 
122 9322 74 50 554 
123 9314 73 51 562 
124 9305 78 47 570 
125 9299 76 44 581 
126 9296 74 44 586 
127 9293 66 45 596 
128 9289 65 46 600 
129 9286 61 49 604 
130 9278 59 50 613 
131 9273 54 56 617 
132 9270 52 53 625 
133 9265 49 56 630 
134 9256 49 54 641 
135 9249 50 55 646 
136 9244 52 51 653 
137 9238 55 44 663 
138 9233 56 38 673 
139 9225 61 36 678 
140 9224 54 36 686 
141 9217 56 32 695 
142 9211 59 29 701 
143 9207 58 31 704 
144 9204 52 37 707 
145 9198 51 40 711 
146 9193 51 42 714 
147 9186 52 40 722 
148 9183 50 40 727 
149 9176 49 45 730 
150 9163 61 41 735 
151 9162 55 39 744 
152 9159 52 38 751 
153 9154 53 37 756 
154 9151 53 34 762 
155 9147 51 35 767 
156 9141 52 32 775 
157 9137 49 38 776 
158 9131 52 34 783 
159 9127 49 35 789 
160 9122 41 44 793 
161 9115 47 42 796 
162 9108 51 39 802 
163 9102 52 39 807 
164 9097 54 35 814 
165 9091 56 36 817 
166 9086 55 35 824 
167 9082 55 26 837 
168 9075 56 31 838 
169 9069 58 32 841 
170 9067 55 32 846 
171 9064 51 36 849 
172 9059 49 39 853 
173 9057 45 39 859 
174 9050 47 40 863 
175 9046 45 40 869 
176 9043 43 41 873 
177 9036 46 40 878 
178 9032 43 40 885 
179 9025 44 39 892 
180 9025 42 35 898 
181 9022 42 33 903 
182 9018 41 32 909 
183 9016 41 29 914 
184 9012 38 32 918 
185 9008 38 29 925 
186 9006 37 26 931 
187 9004 32 31 933 
188 9003 29 32 936 
189 9001 24 34 941 
190 8995 30 32 943 
191 8990 32 28 950 
192 8990 28 28 954 
193 8988 28 27 957 
194 8985 27 24 964 
195 8982 26 24 968 
196 8977 29 19 975 
197 8975 29 21 975 
198 8974 29 19 978 
199 8973 28 17 982 
200 8972 23 21 984 
201 8970 20 22 988 
202 8969 21 18 992 
203 8968 20 18 994 
204 8966 19 19 996 
205 8964 18 21 997 
206 8962 15 24 999 
207 8960 15 20 1005 
208 8959 15 16 1010 
209 8957 16 17 1010 
210 8956 16 16 1012 
211 8954 16 15 1015 
212 8951 18 13 1018 
213 8949 19 9 1023 
214 8948 18 9 1025 
215 8947 17 10 1026 
216 8945 17 11 1027 
217 8945 15 12 1028 
218 8944 15 11 1030 
219 8943 14 12 1031 
220 8941 15 12 1032 
221 8940 14 12 1034 
222 8940 11 13 1036 
223 8939 10 13 1038 
224 8936 12 12 1040 
225 8936 11 12 1041 
226 8935 10 12 1043 
227 8934 11 11 1044 
228 8932 12 10 1046 
229 8931 12 8 1049 
230 8931 10 8 1051 
231 8930 10 8 1052 
232 8930 10 7 1053 
233 8930 9 6 1055 
234 8930 6 9 1055 
235 8929 7 8 1056 
236 8927 8 8 1057 
237 8927 7 7 1059 
238 8924 8 8 1060 
239 8923 8 9 1060 
240 8922 9 8 1061 
241 8921 9 6 1064 
242 8921 9 6 1064 
243 8921 9 5 1065 
244 8921 9 4 1066 
245 8920 9 3 1068 
246 8918 9 4 1069 
247 8917 10 4 1069 
248 8916 8 6 1070 
249 8914 9 7 1070 
250 8913 9 8 1070 
251 8913 8 9 1070 
252 8911 10 8 1071 
253 8910 11 6 1073 
254 8910 11 6 1073 
255 8910 10 4 1076 
256 8910 8 5 1077 
257 8909 8 5 1078 
258 8908 8 5 1079 
259 8906 8 7 1079 
260 8906 7 8 1079 
261 8905 8 8 1079 
262 8905 6 9 1080 
263 8904 6 8 1082 
264 8902 8 7 1083 
265 8902 8 6 1084 
266 8902 8 4 1086 
267 8901 8 4 1087 
268 8901 7 5 1087 
269 8900 6 5 1089 
270 8900 6 4 1090 
271 8900 5 5 1090 
272 8900 5 5 1090 
273 8900 4 6 1090 
274 8897 5 7 1091 
275 8897 5 6 1092 
276 8896 6 4 1094 
277 8893 8 5 1094 
278 8893 8 4 1095 
279 8893 7 5 1095 
280 8891 9 4 1096 
281 8891 9 2 1098 
282 8890 10 2 1098 
283 8890 10 2 1098 
284 8890 7 4 1099 
285 8890 7 4 1099 
286 8890 6 4 1100 
287 8890 3 7 1100 
288 8889 4 7 1100 
289 8888 5 7 1100 
290 8887 4 9 1100 
291 8884 7 6 1103 
292 8884 6 7 1103 
293 8883 7 6 1104 
294 8883 7 3 1107 
295 8883 7 3 1107 
296 8883 7 3 1107 
297 8883 7 1 1109 
298 8883 6 2 1109 
299 8883 5 2 1110 
300 8882 5 3 1110 
301 8882 2 6 1110 
302 8881 3 6 1110 
303 8879 4 7 1110 
304 8878 5 7 1110 
305 8877 6 6 1111 
306 8877 6 5 1112 
307 8877 6 4 1113 
308 8877 6 1 1116 
309 8877 6 1 1116 
310 8877 5 1 1117 
311 8877 5 1 1117 
312 8877 4 2 1117 
313 8877 2 4 1117 
314 8876 2 5 1117 
315 8876 1 6 1117 
316 8876 1 6 1117 
317 8875 2 5 1118 
318 8875 2 5 1118 
319 8875 2 4 1119 
320 8874 3 2 1121 
321 8874 3 1 1122 
322 8874 3 0 1123 
323 8874 3 0 1123 
324 8874 2 1 1123 
325 8874 2 1 1123 
326 8874 2 1 1123 
327 8874 1 2 1123 
328 8874 1 2 1123 
329 8874 1 2 1123 
330 8873 1 3 1123 
331 8873 1 2 1124 
332 8873 1 2 1124 
333 8873 1 2 1124 
334 8873 1 1 1125 
335 8873 1 1 1125 
336 8873 1 1 1125 
337 8873 1 0 1126 
338 8873 1 0 1126 
339 8873 1 0 1126 
340 8873 0 1 1126 
341 8873 0 1 1126 
342 8873 0 1 1126 
343 8873 0 1 1126 
344 8872 1 1 1126 
345 8872 1 1 1126 
346 8872 1 1 1126 
347 8872 1 0 1127 
348 8872 1 0 1127 
349 8872 1 0 1127 
350 8872 1 0 1127 
351 8872 1 0 1127 
352 8872 1 0 1127 
353 8872 1 0 1127 
354 8872 0 1 1127 
355 8872 0 1 1127 
356 8872 0 1 1127 
357 8872 0 1 1127 
358 8872 0 1 1127 
359 8872 0 1 1127 
360 8872 0 1 1127 
361 8872 0 0 1128 
362 8872 0 0 1128 
363 8872 0 0 1128 
364 8872 0 0 1128 
365 8872 0 0 1128 
366 8872 0 0 1128 
367 8872 0 0 1128 
368 8872 0 0 1128 
369 8872 0 0 1128 
370 8872 0 0 1128 
371 8872 0 0 1128 
372 8872 0 0 1128 
373 8872 0 0 1128 
