0 9998 2 0 0 
1 9998 2 0 0 
2 9998 2 0 0 
3 9998 2 0 0 
4 9998 2 0 0 
5 9998 2 0 0 
6 9998 2 0 0 
7 9998 2 0 0 
8 9998 2 0 0 
9 9998 2 0 0 
10 9998 2 0 0 
11 9998 0 2 0 
12 9996 2 2 0 
13 9996 2 2 0 
14 9996 2 2 0 
15 9994 4 2 0 
16 9992 6 2 0 
17 9992 6 2 0 
18 9992 6 0 2 
19 9992 6 0 2 
20 9992 6 0 2 
21 9992 6 0 2 
22 9992 4 2 2 
23 9991 5 2 2 
24 9990 6 2 2 
25 9988 6 4 2 
26 9987 5 6 2 
27 9983 9 6 2 
28 9982 10 6 2 
29 9980 12 4 4 
30 9979 13 4 4 
31 9978 14 4 4 
32 9978 14 2 6 
33 9978 13 1 8 
34 9978 12 2 8 
35 9976 12 4 8 
36 9974 13 5 8 
37 9971 12 9 8 
38 9967 15 10 8 
39 9966 14 12 8 
40 9966 13 12 9 
41 9963 15 12 10 
42 9960 18 10 12 
43 9958 20 9 13 
44 9958 20 5 17 
45 9957 19 6 18 
46 9956 18 6 20 
47 9955 16 8 21 
48 9953 14 11 22 
49 9948 18 12 22 
50 9945 21 12 22 
51 9943 20 15 22 
52 9942 18 16 24 
53 9940 18 16 26 
54 9936 22 13 29 
55 9931 26 10 33 
56 9929 27 10 34 
57 9928 27 11 34 
58 9926 27 10 37 
59 9925 23 12 40 
60 9922 23 13 42 
61 9919 24 15 42 
62 9915 27 15 43 
63 9913 27 16 44 
64 9913 23 19 45 
65 9907 24 22 47 
66 9898 31 19 52 
67 9894 34 17 55 
68 9894 32 17 57 
69 9889 36 17 58 
70 9887 35 18 60 
71 9883 36 17 64 
72 9879 36 16 69 
73 9876 37 16 71 
74 9871 42 15 72 
75 9871 36 19 74 
76 9868 30 27 75 
77 9865 29 28 78 
78 9862 32 25 81 
79 9861 28 26 85 
80 9855 32 26 87 
81 9847 36 30 87 
82 9845 34 28 93 
83 9842 34 22 102 
84 9837 34 23 106 
85 9832 39 23 106 
86 9829 39 21 111 
87 9826 39 22 113 
88 9822 40 21 117 
89 9819 42 18 121 
90 9817 38 21 124 
91 9815 32 24 129 
92 9808 37 26 129 
93 9801 41 26 132 
94 9797 40 28 135 
95 9794 38 30 138 
96 9788 41 32 139 
97 9785 41 29 145 
98 9782 40 25 153 
99 9780 39 26 155 
100 9777 40 25 158 
101 9769 46 22 163 
102 9764 44 24 168 
103 9760 41 28 171 
104 9753 44 29 174 
105 9751 43 28 178 
106 9748 40 31 181 
107 9742 43 32 183 
108 9738 44 33 185 
109 9735 45 28 192 
110 9728 49 24 199 
111 9723 46 28 203 
112 9718 46 30 206 
113 9715 45 28 212 
114 9711 42 32 215 
115 9707 44 31 218 
116 9703 45 32 220 
117 9699 43 35 223 
118 9692 46 31 231 
119 9687 48 29 236 
120 9680 48 32 240 
121 9675 48 30 247 
122 9669 49 33 249 
123 9664 51 33 252 
124 9658 53 31 258 
125 9651 56 31 262 
126 9649 54 32 265 
127 9642 57 29 272 
128 9642 50 31 277 
129 9640 47 31 282 
130 9637 43 35 285 
131 9630 45 36 289 
132 9619 50 38 293 
133 9612 52 39 297 
134 9603 55 41 301 
135 9601 50 41 308 
136 9595 54 38 313 
137 9586 56 38 320 
138 9577 65 33 325 
139 9572 68 29 331 
140 9569 68 27 336 
141 9566 64 28 342 
142 9554 65 32 349 
143 9549 63 37 351 
144 9540 63 39 358 
145 9530 71 41 358 
146 9524 71 45 360 
147 9517 69 51 363 
148 9509 68 53 370 
149 9504 68 47 381 
150 9495 74 43 388 
151 9490 76 37 397 
152 9481 73 47 399 
153 9467 82 46 405 
154 9462 78 46 414 
155 9456 74 47 423 
156 9449 75 48 428 
157 9445 72 52 431 
158 9437 72 57 434 
159 9427 77 50 446 
160 9417 78 54 451 
161 9409 81 50 460 
162 9404 77 49 470 
163 9397 70 57 476 
164 9390 72 55 483 
165 9384 72 53 491 
166 9379 70 55 496 
167 9376 69 50 505 
168 9366 71 53 510 
169 9353 74 54 519 
170 9342 75 50 533 
171 9334 75 53 538 
172 9325 79 52 544 
173 9316 81 52 551 
174 9313 77 55 555 
175 9305 79 53 563 
176 9298 81 48 573 
177 9292 84 41 583 
178 9285 81 43 591 
179 9276 77 51 596 
180 9271 71 55 603 
181 9263 71 56 610 
182 9258 67 59 616 
183 9254 62 63 621 
184 9247 66 63 624 
185 9240 65 61 634 
186 9232 66 55 647 
187 9224 68 50 658 
188 9217 68 49 666 
189 9212 64 49 675 
190 9206 65 45 684 
191 9202 61 50 687 
192 9196 62 47 695 
193 9184 70 44 702 
194 9177 70 45 708 
195 9173 67 45 715 
196 9167 65 44 724 
197 9163 61 47 729 
198 9159 58 46 737 
199 9151 61 46 742 
200 9142 64 48 746 
201 9136 66 45 753 
202 9127 69 44 760 
203 9122 62 48 768 
204 9114 63 47 776 
205 9112 61 44 783 
206 9107 60 45 788 
207 9096 67 43 794 
208 9089 70 43 798 
209 9088 63 45 804 
210 9079 63 42 816 
211 9070 66 41 823 
212 9067 60 46 827 
213 9063 59 45 833 
214 9059 55 49 837 
215 9052 60 47 841 
216 9047 60 44 849 
217 9040 56 46 858 
218 9039 50 47 864 
219 9031 57 39 873 
220 9025 54 43 878 
221 9018 52 44 886 
222 9012 55 45 888 
223 9009 54 44 893 
224 9002 57 37 904 
225 8997 55 37 911 
226 8995 52 41 912 
227 8994 46 39 921 
228 8989 50 31 930 
229 8984 47 36 933 
230 8983 42 38 937 
231 8978 40 41 941 
232 8974 38 40 948 
233 8970 39 38 953 
234 8967 35 38 960 
235 8961 36 42 961 
236 8955 40 36 969 
237 8950 44 31 975 
238 8945 44 29 982 
239 8944 40 28 988 
240 8943 40 26 991 
241 8941 37 24 998 
242 8939 35 23 1003 
243 8938 32 25 1005 
244 8938 29 27 1006 
245 8933 28 28 1011 
246 8927 28 29 1016 
247 8926 24 33 1017 
248 8922 23 33 1022 
249 8916 28 30 1026 
250 8915 28 27 1030 
251 8914 27 26 1033 
252 8913 26 22 1039 
253 8912 26 17 1045 
254 8912 26 12 1050 
255 8912 21 12 1055 
256 8910 17 17 1056 
257 8909 17 17 1057 
258 8908 14 19 1059 
259 8907 9 23 1061 
260 8907 8 23 1062 
261 8900 14 24 1062 
262 8897 16 20 1067 
263 8896 16 15 1073 
264 8894 18 14 1074 
265 8894 18 10 1078 
266 8893 17 6 1084 
267 8892 17 6 1085 
268 8892 16 6 1086 
269 8892 15 6 1087 
270 8890 17 5 1088 
271 8890 10 12 1088 
272 8890 7 15 1088 
273 8889 7 14 1090 
274 8888 6 15 1091 
275 8886 8 14 1092 
276 8886 7 14 1093 
277 8885 7 15 1093 
278 8883 9 8 1100 
279 8881 11 5 1103 
280 8881 9 6 1104 
281 8879 11 4 1106 
282 8877 13 4 1106 
283 8877 12 4 1107 
284 8877 11 4 1108 
285 8877 9 6 1108 
286 8877 9 6 1108 
287 8876 9 5 1110 
288 8873 10 7 1110 
289 8873 8 9 1110 
290 8870 11 8 1111 
291 8867 12 9 1112 
292 8864 13 9 1114 
293 8863 14 9 1114 
294 8863 14 8 1115 
295 8863 14 6 1117 
296 8863 14 4 1119 
297 8863 13 5 1119 
298 8863 10 6 1121 
299 8861 12 4 1123 
300 8860 10 7 1123 
301 8860 7 10 1123 
302 8858 6 13 1123 
303 8858 5 14 1123 
304 8851 12 13 1124 
305 8851 12 10 1127 
306 8850 13 10 1127 
307 8848 15 7 1130 
308 8846 17 4 1133 
309 8846 15 3 1136 
310 8845 15 3 1137 
311 8845 15 3 1137 
312 8843 15 5 1137 
313 8843 15 5 1137 
314 8843 8 12 1137 
315 8841 10 12 1137 
316 8839 11 11 1139 
317 8839 9 12 1140 
318 8837 9 14 1140 
319 8836 10 12 1142 
320 8836 9 13 1142 
321 8835 10 6 1149 
322 8834 9 8 1149 
323 8834 9 7 1150 
324 8834 9 5 1152 
325 8834 7 5 1154 
326 8834 5 7 1154 
327 8832 7 6 1155 
328 8831 6 8 1155 
329 8830 6 7 1157 
330 8830 6 7 1157 
331 8830 5 8 1157 
332 8829 5 7 1159 
333 8829 5 5 1161 
334 8828 6 5 1161 
335 8828 6 3 1163 
336 8828 6 2 1164 
337 8828 4 4 1164 
338 8828 3 4 1165 
339 8828 2 4 1166 
340 8827 3 4 1166 
341 8826 4 4 1166 
342 8825 4 5 1166 
343 8825 4 5 1166 
344 8825 3 4 1168 
345 8825 3 3 1169 
346 8825 3 2 1170 
347 8825 3 2 1170 
348 8824 4 2 1170 
349 8824 4 1 1171 
350 8824 3 2 1171 
351 8824 2 2 1172 
352 8823 2 3 1172 
353 8823 2 3 1172 
354 8822 3 3 1172 
355 8822 3 3 1172 
356 8822 3 3 1172 
357 8822 3 2 1173 
358 8822 2 2 1174 
359 8822 2 1 1175 
360 8822 2 1 1175 
361 8822 2 1 1175 
362 8822 1 2 1175 
363 8821 2 2 1175 
364 8821 1 3 1175 
365 8821 1 2 1176 
366 8821 1 2 1176 
367 8820 2 2 1176 
368 8820 2 2 1176 
369 8820 2 1 1177 
370 8819 3 1 1177 
371 8819 3 0 1178 
372 8819 3 0 1178 
373 8819 2 1 1178 
374 8819 2 1 1178 
375 8819 2 1 1178 
376 8819 2 1 1178 
377 8819 1 2 1178 
378 8819 1 2 1178 
379 8819 1 2 1178 
380 8819 0 2 1179 
381 8819 0 2 1179 
382 8819 0 2 1179 
383 8819 0 2 1179 
384 8819 0 1 1180 
385 8819 0 1 1180 
386 8819 0 1 1180 
387 8819 0 0 1181 
388 8819 0 0 1181 
389 8819 0 0 1181 
390 8819 0 0 1181 
391 8819 0 0 1181 
392 8819 0 0 1181 
393 8819 0 0 1181 
394 8819 0 0 1181 
395 8819 0 0 1181 
396 8819 0 0 1181 
397 8819 0 0 1181 
398 8819 0 0 1181 
399 8819 0 0 1181 
