0 9996 2 2 0 
1 9992 6 2 0 
2 9991 7 2 0 
3 9990 8 2 0 
4 9990 8 2 0 
5 9990 8 2 0 
6 9990 8 2 0 
7 9990 8 2 0 
8 9990 8 0 2 
9 9990 8 0 2 
10 9990 8 0 2 
11 9990 2 6 2 
12 9985 6 7 2 
13 9983 7 8 2 
14 9980 10 8 2 
15 9977 13 8 2 
16 9975 15 8 2 
17 9971 19 8 2 
18 9971 19 2 8 
19 9971 19 1 9 
20 9971 19 0 10 
21 9971 19 0 10 
22 9971 14 5 10 
23 9966 17 7 10 
24 9960 20 10 10 
25 9955 22 13 10 
26 9953 22 15 10 
27 9946 25 19 10 
28 9941 30 19 10 
29 9939 32 14 15 
30 9938 33 12 17 
31 9937 34 9 20 
32 9935 36 6 23 
33 9933 33 9 25 
34 9929 31 11 29 
35 9925 30 16 29 
36 9911 42 18 29 
37 9910 36 25 29 
38 9902 39 30 29 
39 9893 46 32 29 
40 9881 57 28 34 
41 9875 62 23 40 
42 9872 63 20 45 
43 9869 64 20 47 
44 9864 65 17 54 
45 9860 65 16 59 
46 9859 52 28 61 
47 9849 61 28 62 
48 9836 66 35 63 
49 9830 63 42 65 
50 9820 61 52 67 
51 9812 63 54 71 
52 9801 71 53 75 
53 9791 78 42 89 
54 9785 79 46 90 
55 9781 79 42 98 
56 9772 87 34 107 
57 9768 81 32 119 
58 9764 72 39 125 
59 9754 76 42 128 
60 9746 74 49 131 
61 9737 75 52 136 
62 9727 74 59 140 
63 9719 72 68 141 
64 9701 84 64 151 
65 9692 89 55 164 
66 9684 88 58 170 
67 9674 94 52 180 
68 9666 98 48 188 
69 9656 98 47 199 
70 9648 98 45 209 
71 9644 93 48 215 
72 9636 91 54 219 
73 9623 96 53 228 
74 9607 94 67 232 
75 9596 96 72 236 
76 9584 100 70 246 
77 9577 97 72 254 
78 9559 107 71 263 
79 9552 104 71 273 
80 9541 107 71 281 
81 9528 116 57 299 
82 9519 117 56 308 
83 9509 114 61 316 
84 9497 110 67 326 
85 9482 114 70 334 
86 9469 115 72 344 
87 9449 128 71 352 
88 9441 118 85 356 
89 9420 132 84 364 
90 9402 139 82 377 
91 9382 146 79 393 
92 9360 159 77 404 
93 9347 162 75 416 
94 9336 161 80 423 
95 9325 157 77 441 
96 9312 157 83 448 
97 9301 148 92 459 
98 9277 164 87 472 
99 9262 158 99 481 
100 9242 160 107 491 
101 9225 157 115 503 
102 9205 155 122 518 
103 9182 165 122 531 
104 9163 173 113 551 
105 9138 187 116 559 
106 9119 193 108 580 
107 9102 199 101 598 
108 9085 192 105 618 
109 9064 198 98 640 
110 9049 193 105 653 
111 9029 196 111 664 
112 9011 194 120 675 
113 8992 190 130 688 
114 8976 187 138 699 
115 8941 197 139 723 
116 8915 204 143 738 
117 8892 210 140 758 
118 8873 212 140 775 
119 8857 207 141 795 
120 8822 227 133 818 
121 8801 228 134 837 
122 8781 230 127 862 
123 8764 228 127 881 
124 8742 234 126 898 
125 8715 226 144 915 
126 8698 217 149 936 
127 8665 227 157 951 
128 8639 234 156 971 
129 8605 252 154 989 
130 8583 239 170 1008 
131 8562 239 175 1024 
132 8540 241 160 1059 
133 8521 243 151 1085 
134 8495 247 150 1108 
135 8472 243 158 1127 
136 8440 258 159 1143 
137 8413 252 157 1178 
138 8391 248 162 1199 
139 8366 239 176 1219 
140 8342 241 181 1236 
141 8313 249 180 1258 
142 8289 251 175 1285 
143 8261 260 177 1302 
144 8240 255 170 1335 
145 8225 247 167 1361 
146 8201 239 165 1395 
147 8178 235 170 1417 
148 8148 243 171 1438 
149 8130 236 174 1460 
150 8109 233 179 1479 
151 8088 225 182 1505 
152 8066 223 183 1528 
153 8043 218 179 1560 
154 8004 236 173 1587 
155 7979 246 166 1609 
156 7963 238 165 1634 
157 7941 237 164 1658 
158 7928 220 165 1687 
159 7907 223 159 1711 
160 7888 221 152 1739 
161 7872 216 152 1760 
162 7855 211 159 1775 
163 7834 209 158 1799 
164 7817 187 174 1822 
165 7796 183 169 1852 
166 7761 202 167 1870 
167 7738 203 168 1891 
168 7716 212 160 1912 
169 7698 209 159 1934 
170 7678 210 155 1957 
171 7644 228 132 1996 
172 7623 232 124 2021 
173 7614 220 129 2037 
174 7597 220 124 2059 
175 7580 216 132 2072 
176 7560 201 146 2093 
177 7534 204 150 2112 
178 7511 205 156 2128 
179 7492 206 157 2145 
180 7474 204 156 2166 
181 7458 186 173 2183 
182 7441 182 173 2204 
183 7417 197 147 2239 
184 7406 191 141 2262 
185 7390 190 136 2284 
186 7373 187 138 2302 
187 7361 173 144 2322 
188 7345 166 133 2356 
189 7326 166 131 2377 
190 7311 163 140 2386 
191 7298 160 139 2403 
192 7280 161 139 2420 
193 7273 144 143 2440 
194 7259 147 128 2466 
195 7243 147 121 2489 
196 7233 140 119 2508 
197 7221 140 113 2526 
198 7211 134 113 2542 
199 7205 121 115 2559 
200 7195 116 106 2583 
201 7179 119 108 2594 
202 7169 111 110 2610 
203 7163 110 100 2627 
204 7150 109 102 2639 
205 7134 109 102 2655 
206 7120 113 93 2674 
207 7111 110 90 2689 
208 7103 108 87 2702 
209 7092 113 75 2720 
210 7084 111 78 2727 
211 7074 105 80 2741 
212 7067 102 74 2757 
213 7061 102 70 2767 
214 7046 104 71 2779 
215 7042 92 77 2789 
216 7032 88 85 2795 
217 7023 88 84 2805 
218 7017 86 76 2821 
219 7008 84 77 2831 
220 7003 81 79 2837 
221 6996 78 76 2850 
222 6985 82 67 2866 
223 6977 84 59 2880 
224 6971 75 65 2889 
225 6963 79 61 2897 
226 6959 73 60 2908 
227 6953 70 61 2916 
228 6948 69 57 2926 
229 6943 65 59 2933 
230 6936 67 58 2939 
231 6930 66 50 2954 
232 6928 57 57 2958 
233 6920 57 55 2968 
234 6915 56 52 2977 
235 6911 52 54 2983 
236 6907 52 49 2992 
237 6902 51 50 2997 
238 6894 54 48 3004 
239 6891 52 42 3015 
240 6889 47 41 3023 
241 6882 48 41 3029 
242 6876 52 35 3037 
243 6873 47 39 3041 
244 6867 48 38 3047 
245 6864 47 37 3052 
246 6861 46 36 3057 
247 6858 44 34 3064 
248 6855 39 36 3070 
249 6852 39 37 3072 
250 6850 39 31 3080 
251 6848 34 33 3085 
252 6846 30 35 3089 
253 6840 33 34 3093 
254 6836 31 35 3098 
255 6835 29 30 3106 
256 6833 28 30 3109 
257 6831 27 31 3111 
258 6830 25 27 3118 
259 6828 24 24 3124 
260 6826 24 23 3127 
261 6825 23 19 3133 
262 6823 23 18 3136 
263 6821 19 21 3139 
264 6818 18 22 3142 
265 6816 19 20 3145 
266 6814 19 19 3148 
267 6812 19 19 3150 
268 6810 20 18 3152 
269 6809 19 18 3154 
270 6807 19 14 3160 
271 6806 19 11 3164 
272 6805 18 12 3165 
273 6805 16 12 3167 
274 6805 13 13 3169 
275 6804 12 14 3170 
276 6803 11 14 3172 
277 6802 10 14 3174 
278 6800 10 15 3175 
279 6798 11 14 3177 
280 6797 10 14 3179 
281 6796 10 12 3182 
282 6795 10 11 3184 
283 6794 11 9 3186 
284 6793 12 7 3188 
285 6793 11 6 3190 
286 6793 10 6 3191 
287 6793 9 5 3193 
288 6793 7 6 3194 
289 6791 7 7 3195 
290 6791 6 8 3195 
291 6791 5 9 3195 
292 6791 4 9 3196 
293 6791 3 9 3197 
294 6791 2 9 3198 
295 6788 5 7 3200 
296 6787 6 5 3202 
297 6787 6 4 3203 
298 6787 6 3 3204 
299 6787 4 4 3205 
300 6787 4 3 3206 
301 6787 4 2 3207 
302 6787 4 2 3207 
303 6787 4 2 3207 
304 6787 4 2 3207 
305 6787 1 5 3207 
306 6786 1 4 3209 
307 6784 3 4 3209 
308 6783 4 4 3209 
309 6782 5 4 3209 
310 6782 5 4 3209 
311 6782 5 4 3209 
312 6782 5 1 3212 
313 6782 5 0 3213 
314 6782 5 0 3213 
315 6782 5 0 3213 
316 6782 4 1 3213 
317 6782 2 3 3213 
318 6782 1 4 3213 
319 6782 0 5 3213 
320 6781 1 5 3213 
321 6780 2 5 3213 
322 6778 4 5 3213 
323 6778 4 4 3214 
324 6778 4 2 3216 
325 6778 4 1 3217 
326 6778 4 0 3218 
327 6778 4 0 3218 
328 6778 4 0 3218 
329 6778 4 0 3218 
330 6778 3 1 3218 
331 6778 2 2 3218 
332 6777 1 4 3218 
333 6777 1 4 3218 
334 6777 1 4 3218 
335 6777 1 4 3218 
336 6777 1 4 3218 
337 6775 3 3 3219 
338 6775 3 2 3220 
339 6775 3 0 3222 
340 6775 3 0 3222 
341 6775 3 0 3222 
342 6775 2 1 3222 
343 6775 2 1 3222 
344 6775 2 1 3222 
345 6775 2 1 3222 
346 6774 3 1 3222 
347 6773 2 3 3222 
348 6773 2 3 3222 
349 6773 2 2 3223 
350 6772 3 2 3223 
351 6772 3 2 3223 
352 6772 3 2 3223 
353 6772 3 2 3223 
354 6771 4 0 3225 
355 6771 4 0 3225 
356 6771 3 1 3225 
357 6771 2 2 3225 
358 6771 2 2 3225 
359 6771 2 2 3225 
360 6771 1 3 3225 
361 6771 1 3 3225 
362 6771 1 3 3225 
363 6771 1 2 3226 
364 6771 0 2 3227 
365 6771 0 2 3227 
366 6770 1 2 3227 
367 6770 1 1 3228 
368 6770 1 1 3228 
369 6770 1 1 3228 
370 6770 1 1 3228 
371 6770 1 0 3229 
372 6770 1 0 3229 
373 6770 1 0 3229 
374 6770 1 0 3229 
375 6770 1 0 3229 
376 6770 0 1 3229 
377 6770 0 1 3229 
378 6770 0 1 3229 
379 6770 0 1 3229 
380 6770 0 1 3229 
381 6770 0 1 3229 
382 6770 0 1 3229 
383 6770 0 0 3230 
384 6770 0 0 3230 
385 6770 0 0 3230 
386 6770 0 0 3230 
387 6770 0 0 3230 
388 6770 0 0 3230 
389 6770 0 0 3230 
390 6770 0 0 3230 
391 6770 0 0 3230 
392 6770 0 0 3230 
393 6770 0 0 3230 
394 6770 0 0 3230 
395 6770 0 0 3230 
