0 9998 2 0 0 
1 9998 2 0 0 
2 9998 2 0 0 
3 9998 2 0 0 
4 9998 2 0 0 
5 9998 2 0 0 
6 9998 2 0 0 
7 9998 2 0 0 
8 9998 2 0 0 
9 9998 2 0 0 
10 9998 2 0 0 
11 9998 0 2 0 
12 9997 1 2 0 
13 9994 4 2 0 
14 9994 4 2 0 
15 9994 4 2 0 
16 9992 6 2 0 
17 9992 6 2 0 
18 9992 6 0 2 
19 9992 6 0 2 
20 9992 6 0 2 
21 9992 6 0 2 
22 9992 5 1 2 
23 9992 2 4 2 
24 9992 2 4 2 
25 9990 4 4 2 
26 9987 5 6 2 
27 9985 7 6 2 
28 9983 9 6 2 
29 9983 9 5 3 
30 9983 9 2 6 
31 9982 10 2 6 
32 9981 11 2 6 
33 9980 12 0 8 
34 9980 12 0 8 
35 9980 10 2 8 
36 9978 9 5 8 
37 9974 11 7 8 
38 9973 10 9 8 
39 9970 13 9 8 
40 9967 16 9 8 
41 9965 17 10 8 
42 9964 17 9 10 
43 9964 16 7 13 
44 9963 17 5 15 
45 9960 20 3 17 
46 9959 19 5 17 
47 9959 15 9 17 
48 9953 20 9 18 
49 9952 18 11 19 
50 9951 16 13 20 
51 9947 18 15 20 
52 9941 23 16 20 
53 9937 27 14 22 
54 9936 27 11 26 
55 9936 24 13 27 
56 9932 27 11 30 
57 9932 27 8 33 
58 9932 21 12 35 
59 9926 26 12 36 
60 9925 26 13 36 
61 9923 24 16 37 
62 9919 22 19 40 
63 9915 22 22 41 
64 9911 25 23 41 
65 9906 30 17 47 
66 9904 28 20 48 
67 9901 31 19 49 
68 9895 37 15 53 
69 9894 32 15 59 
70 9890 35 12 63 
71 9887 36 13 64 
72 9885 34 17 64 
73 9885 30 17 68 
74 9881 30 21 68 
75 9876 30 26 68 
76 9869 35 22 74 
77 9866 35 24 75 
78 9860 35 28 77 
79 9857 37 25 81 
80 9856 34 25 85 
81 9853 34 24 89 
82 9848 37 21 94 
83 9844 41 19 96 
84 9842 39 20 99 
85 9838 38 19 105 
86 9835 34 25 106 
87 9828 38 24 110 
88 9824 36 27 113 
89 9820 37 28 115 
90 9812 44 29 115 
91 9807 46 28 119 
92 9807 41 28 124 
93 9804 40 25 131 
94 9797 45 24 134 
95 9793 45 22 140 
96 9786 49 22 143 
97 9782 46 28 144 
98 9779 45 29 147 
99 9777 43 28 152 
100 9775 37 32 156 
101 9773 34 35 158 
102 9766 41 31 162 
103 9760 44 31 165 
104 9756 41 31 172 
105 9751 42 31 176 
106 9747 39 34 180 
107 9742 40 30 188 
108 9737 42 28 193 
109 9733 44 30 193 
110 9732 43 29 196 
111 9730 43 24 203 
112 9727 39 27 207 
113 9722 38 26 214 
114 9718 38 26 218 
115 9715 36 28 221 
116 9706 41 30 223 
117 9703 39 33 225 
118 9697 40 36 227 
119 9692 41 33 234 
120 9685 47 28 240 
121 9680 50 26 244 
122 9674 53 24 249 
123 9666 56 25 253 
124 9664 54 24 258 
125 9661 54 22 263 
126 9658 48 27 267 
127 9650 53 29 268 
128 9646 51 33 270 
129 9639 53 35 273 
130 9630 55 37 278 
131 9621 59 38 282 
132 9615 59 41 285 
133 9610 56 40 294 
134 9603 61 39 297 
135 9598 63 36 303 
136 9594 64 34 308 
137 9590 60 35 315 
138 9584 62 34 320 
139 9576 63 35 326 
140 9572 58 36 334 
141 9562 59 43 336 
142 9555 60 46 339 
143 9550 60 48 342 
144 9546 57 47 350 
145 9542 56 48 354 
146 9536 58 45 361 
147 9531 59 40 370 
148 9528 56 37 379 
149 9526 50 39 385 
150 9521 51 38 390 
151 9518 44 41 397 
152 9511 44 43 402 
153 9499 51 44 406 
154 9492 54 44 410 
155 9484 58 42 416 
156 9477 59 40 424 
157 9474 57 41 428 
158 9468 60 34 438 
159 9465 61 29 445 
160 9462 59 29 450 
161 9456 62 28 454 
162 9454 57 31 458 
163 9447 52 37 464 
164 9442 50 39 469 
165 9431 53 44 472 
166 9423 54 49 474 
167 9416 58 47 479 
168 9413 55 50 482 
169 9406 59 46 489 
170 9398 64 37 501 
171 9389 67 36 508 
172 9386 68 30 516 
173 9383 64 30 523 
174 9377 65 32 526 
175 9372 59 37 532 
176 9365 58 42 535 
177 9360 56 46 538 
178 9351 62 43 544 
179 9342 64 48 546 
180 9332 66 49 553 
181 9328 61 53 558 
182 9321 65 45 569 
183 9317 66 40 577 
184 9312 65 39 584 
185 9307 65 41 587 
186 9302 63 41 594 
187 9299 61 38 602 
188 9297 54 38 611 
189 9290 52 44 614 
190 9285 47 51 617 
191 9280 48 49 623 
192 9274 47 51 628 
193 9266 51 48 635 
194 9258 54 48 640 
195 9253 54 44 649 
196 9249 53 40 658 
197 9245 54 33 668 
198 9242 55 31 672 
199 9241 49 31 679 
200 9237 48 32 683 
201 9232 48 32 688 
202 9218 56 33 693 
203 9215 51 36 698 
204 9210 48 41 701 
205 9205 48 44 703 
206 9203 46 41 710 
207 9199 46 40 715 
208 9198 44 38 720 
209 9194 47 33 726 
210 9189 48 29 734 
211 9184 48 26 742 
212 9179 39 35 747 
213 9174 41 34 751 
214 9171 39 35 755 
215 9167 38 37 758 
216 9163 40 38 759 
217 9157 42 38 763 
218 9156 42 34 768 
219 9153 41 24 782 
220 9149 40 26 785 
221 9148 36 26 790 
222 9146 33 26 795 
223 9140 34 29 797 
224 9137 34 28 801 
225 9136 31 31 802 
226 9135 28 31 806 
227 9134 23 32 811 
228 9128 28 28 816 
229 9123 30 26 821 
230 9120 29 25 826 
231 9117 31 23 829 
232 9115 31 21 833 
233 9114 26 23 837 
234 9110 27 20 843 
235 9109 27 20 844 
236 9107 28 18 847 
237 9106 28 15 851 
238 9104 24 20 852 
239 9101 22 23 854 
240 9098 22 20 860 
241 9095 22 20 863 
242 9091 24 21 864 
243 9088 26 21 865 
244 9086 24 24 866 
245 9081 28 19 872 
246 9077 30 16 877 
247 9076 30 14 880 
248 9076 28 13 883 
249 9074 27 14 885 
250 9072 26 16 886 
251 9069 26 15 890 
252 9068 23 18 891 
253 9065 23 19 893 
254 9064 22 20 894 
255 9061 20 23 896 
256 9059 18 24 899 
257 9054 22 22 902 
258 9053 23 19 905 
259 9053 21 17 909 
260 9052 20 16 912 
261 9051 18 17 914 
262 9051 17 13 919 
263 9049 16 12 923 
264 9048 16 12 924 
265 9046 15 15 924 
266 9043 16 15 926 
267 9040 14 18 928 
268 9037 16 16 931 
269 9036 17 15 932 
270 9036 16 13 935 
271 9036 15 13 936 
272 9035 16 10 939 
273 9035 14 10 941 
274 9035 13 6 946 
275 9033 13 7 947 
276 9033 10 10 947 
277 9030 10 12 948 
278 9026 11 14 949 
279 9024 12 15 949 
280 9024 12 13 951 
281 9024 12 12 952 
282 9024 11 11 954 
283 9024 11 8 957 
284 9024 11 5 960 
285 9023 10 4 963 
286 9023 10 3 964 
287 9022 8 6 964 
288 9022 4 10 964 
289 9020 4 11 965 
290 9020 4 11 965 
291 9020 4 11 965 
292 9020 4 9 967 
293 9019 5 9 967 
294 9019 5 6 970 
295 9018 5 3 974 
296 9018 5 1 976 
297 9017 5 2 976 
298 9017 5 2 976 
299 9017 3 4 976 
300 9017 3 4 976 
301 9016 4 4 976 
302 9015 5 3 977 
303 9015 4 4 977 
304 9015 4 3 978 
305 9015 3 4 978 
306 9014 4 2 980 
307 9014 3 3 980 
308 9014 3 3 980 
309 9014 3 3 980 
310 9014 3 2 981 
311 9014 2 3 981 
312 9013 2 3 982 
313 9013 2 3 982 
314 9012 3 2 983 
315 9012 3 2 983 
316 9012 2 3 983 
317 9012 2 3 983 
318 9012 2 2 984 
319 9011 3 1 985 
320 9011 3 1 985 
321 9011 3 1 985 
322 9011 2 2 985 
323 9010 3 1 986 
324 9010 2 2 986 
325 9010 2 2 986 
326 9010 2 2 986 
327 9010 2 2 986 
328 9010 2 2 986 
329 9010 1 2 987 
330 9010 1 2 987 
331 9010 1 1 988 
332 9010 1 1 988 
333 9010 0 2 988 
334 9010 0 2 988 
335 9010 0 2 988 
336 9010 0 1 989 
337 9010 0 1 989 
338 9010 0 1 989 
339 9010 0 1 989 
340 9010 0 0 990 
341 9010 0 0 990 
342 9010 0 0 990 
343 9010 0 0 990 
344 9010 0 0 990 
345 9010 0 0 990 
346 9010 0 0 990 
347 9010 0 0 990 
348 9010 0 0 990 
349 9010 0 0 990 
350 9010 0 0 990 
351 9010 0 0 990 
352 9010 0 0 990 
