0 9998 2 0 0 
1 9998 2 0 0 
2 9998 2 0 0 
3 9998 2 0 0 
4 9998 2 0 0 
5 9998 2 0 0 
6 9998 2 0 0 
7 9998 2 0 0 
8 9998 2 0 0 
9 9998 2 0 0 
10 9998 2 0 0 
11 9998 0 2 0 
12 9997 1 2 0 
13 9995 3 2 0 
14 9994 4 2 0 
15 9994 4 2 0 
16 9992 6 2 0 
17 9992 6 2 0 
18 9992 6 0 2 
19 9992 6 0 2 
20 9992 6 0 2 
21 9992 6 0 2 
22 9992 5 1 2 
23 9992 3 3 2 
24 9991 3 4 2 
25 9989 5 4 2 
26 9989 3 6 2 
27 9987 5 6 2 
28 9984 8 6 2 
29 9984 8 5 3 
30 9982 10 3 5 
31 9981 11 2 6 
32 9981 11 2 6 
33 9980 12 0 8 
34 9980 11 1 8 
35 9980 9 3 8 
36 9980 9 3 8 
37 9979 8 5 8 
38 9976 8 8 8 
39 9974 10 8 8 
40 9972 10 10 8 
41 9972 9 10 9 
42 9970 11 8 11 
43 9968 12 9 11 
44 9965 15 7 13 
45 9963 17 4 16 
46 9962 18 4 16 
47 9962 17 3 18 
48 9962 14 5 19 
49 9959 15 7 19 
50 9954 18 8 20 
51 9953 19 8 20 
52 9953 17 10 20 
53 9952 16 12 20 
54 9950 15 14 21 
55 9948 15 13 24 
56 9944 18 12 26 
57 9943 19 10 28 
58 9943 19 10 28 
59 9943 16 11 30 
60 9942 12 14 32 
61 9941 12 12 35 
62 9935 18 10 37 
63 9933 19 10 38 
64 9930 20 12 38 
65 9929 19 14 38 
66 9927 17 15 41 
67 9924 19 11 46 
68 9924 19 10 47 
69 9924 19 10 47 
70 9922 20 10 48 
71 9916 25 9 50 
72 9915 20 13 52 
73 9911 22 11 56 
74 9906 24 13 57 
75 9905 24 14 57 
76 9905 22 16 57 
77 9902 22 18 58 
78 9898 26 17 59 
79 9898 26 11 65 
80 9896 26 11 67 
81 9891 25 14 70 
82 9889 26 14 71 
83 9884 27 16 73 
84 9883 23 18 76 
85 9876 29 19 76 
86 9871 34 19 76 
87 9869 33 20 78 
88 9866 32 18 84 
89 9863 35 17 85 
90 9860 36 15 89 
91 9854 37 15 94 
92 9854 35 16 95 
93 9852 32 21 95 
94 9844 39 19 98 
95 9839 37 22 102 
96 9835 36 27 102 
97 9825 44 27 104 
98 9822 44 25 109 
99 9814 49 26 111 
100 9809 51 24 116 
101 9805 49 29 117 
102 9799 55 22 124 
103 9798 54 19 129 
104 9796 48 25 131 
105 9793 46 27 134 
106 9788 47 28 137 
107 9783 42 35 140 
108 9778 44 32 146 
109 9776 38 40 146 
110 9770 39 43 148 
111 9764 41 39 156 
112 9761 38 40 161 
113 9750 48 37 165 
114 9748 48 29 175 
115 9747 46 29 178 
116 9739 49 26 186 
117 9732 51 26 191 
118 9728 50 27 195 
119 9724 52 23 201 
120 9721 49 28 202 
121 9715 49 32 204 
122 9709 52 32 207 
123 9705 45 38 212 
124 9701 47 35 217 
125 9697 50 31 222 
126 9695 44 37 224 
127 9689 43 38 230 
128 9684 44 36 236 
129 9679 45 37 239 
130 9675 46 29 250 
131 9672 43 33 252 
132 9671 38 38 253 
133 9669 36 34 261 
134 9658 43 31 268 
135 9656 41 31 272 
136 9652 43 29 276 
137 9646 43 32 279 
138 9640 44 31 285 
139 9637 42 30 291 
140 9634 41 30 295 
141 9630 42 29 299 
142 9626 45 26 303 
143 9623 46 26 305 
144 9621 37 31 311 
145 9616 40 28 316 
146 9614 38 27 321 
147 9612 34 29 325 
148 9606 34 32 328 
149 9596 41 34 329 
150 9587 47 35 331 
151 9582 48 28 342 
152 9581 45 30 344 
153 9579 44 29 348 
154 9576 45 25 354 
155 9575 41 24 360 
156 9569 45 23 363 
157 9567 45 22 366 
158 9563 43 24 370 
159 9560 36 30 374 
160 9555 32 36 377 
161 9551 31 39 379 
162 9541 40 35 384 
163 9533 46 35 386 
164 9528 48 36 388 
165 9527 48 31 394 
166 9525 44 27 404 
167 9522 45 20 413 
168 9522 41 19 418 
169 9520 40 21 419 
170 9516 39 24 421 
171 9513 38 25 424 
172 9505 36 34 425 
173 9495 38 36 431 
174 9490 38 39 433 
175 9484 43 36 437 
176 9480 45 35 440 
177 9475 47 33 445 
178 9472 50 29 449 
179 9470 50 21 459 
180 9470 46 17 467 
181 9468 45 15 472 
182 9466 39 22 473 
183 9464 31 30 475 
184 9461 29 32 478 
185 9454 30 38 478 
186 9450 30 40 480 
187 9446 29 41 484 
188 9442 30 41 487 
189 9439 31 35 495 
190 9434 36 25 505 
191 9433 35 22 510 
192 9431 35 18 516 
193 9429 35 16 520 
194 9424 37 14 525 
195 9421 33 18 528 
196 9418 32 20 530 
197 9416 30 24 530 
198 9412 30 26 532 
199 9409 30 27 534 
200 9406 28 30 536 
201 9403 30 28 539 
202 9400 31 23 546 
203 9398 31 21 550 
204 9394 30 22 554 
205 9393 28 21 558 
206 9391 27 21 561 
207 9390 26 18 566 
208 9387 25 21 567 
209 9386 23 22 569 
210 9384 22 23 571 
211 9381 22 21 576 
212 9375 25 21 579 
213 9375 23 20 582 
214 9371 23 22 584 
215 9368 25 19 588 
216 9364 27 18 591 
217 9362 28 16 594 
218 9359 28 16 597 
219 9357 29 14 600 
220 9357 27 14 602 
221 9355 26 13 606 
222 9350 25 18 607 
223 9346 29 16 609 
224 9345 26 19 610 
225 9343 25 19 613 
226 9340 24 22 614 
227 9338 24 22 616 
228 9335 24 22 619 
229 9334 23 18 625 
230 9330 27 18 625 
231 9330 25 16 629 
232 9329 21 18 632 
233 9327 19 18 636 
234 9322 23 17 638 
235 9320 23 16 641 
236 9319 21 17 643 
237 9317 21 19 643 
238 9315 20 20 645 
239 9312 22 16 650 
240 9310 20 16 654 
241 9308 22 15 655 
242 9306 23 14 657 
243 9301 26 13 660 
244 9301 21 16 662 
245 9300 20 15 665 
246 9296 23 15 666 
247 9296 21 13 670 
248 9295 20 15 670 
249 9295 17 17 671 
250 9293 17 17 673 
251 9291 17 14 678 
252 9289 17 14 680 
253 9289 12 18 681 
254 9289 12 16 683 
255 9286 14 15 685 
256 9281 15 16 688 
257 9281 15 14 690 
258 9280 15 13 692 
259 9276 19 11 694 
260 9276 17 8 699 
261 9276 15 10 699 
262 9275 14 11 700 
263 9275 14 7 704 
264 9273 16 7 704 
265 9271 15 9 705 
266 9269 12 14 705 
267 9267 14 12 707 
268 9265 15 11 709 
269 9262 14 13 711 
270 9261 15 13 711 
271 9258 18 13 711 
272 9256 19 11 714 
273 9255 20 6 719 
274 9255 18 8 719 
275 9253 18 9 720 
276 9253 16 7 724 
277 9253 14 9 724 
278 9252 13 11 724 
279 9252 10 13 725 
280 9251 10 14 725 
281 9247 11 15 727 
282 9247 9 15 729 
283 9244 11 14 731 
284 9244 11 12 733 
285 9244 9 12 735 
286 9242 11 9 738 
287 9242 11 8 739 
288 9239 13 6 742 
289 9239 13 4 744 
290 9238 13 4 745 
291 9238 9 8 745 
292 9237 10 6 747 
293 9237 7 9 747 
294 9237 7 9 747 
295 9234 10 8 748 
296 9234 8 10 748 
297 9234 8 9 749 
298 9234 5 8 753 
299 9233 6 8 753 
300 9233 5 6 756 
301 9233 5 6 756 
302 9233 4 7 756 
303 9232 5 5 758 
304 9232 5 5 758 
305 9231 3 5 761 
306 9231 3 5 761 
307 9231 3 4 762 
308 9231 3 4 762 
309 9231 2 4 763 
310 9231 2 4 763 
311 9231 2 4 763 
312 9231 2 1 766 
313 9231 1 2 766 
314 9231 1 2 766 
315 9231 0 3 766 
316 9231 0 2 767 
317 9231 0 2 767 
318 9231 0 2 767 
319 9230 1 2 767 
320 9229 2 1 768 
321 9229 2 1 768 
322 9229 2 0 769 
323 9229 2 0 769 
324 9229 2 0 769 
325 9229 2 0 769 
326 9229 2 0 769 
327 9229 2 0 769 
328 9229 2 0 769 
329 9229 1 1 769 
330 9229 0 2 769 
331 9228 1 2 769 
332 9228 1 2 769 
333 9228 1 2 769 
334 9228 1 2 769 
335 9228 1 2 769 
336 9228 1 1 770 
337 9228 1 0 771 
338 9228 1 0 771 
339 9228 1 0 771 
340 9228 1 0 771 
341 9228 0 1 771 
342 9228 0 1 771 
343 9228 0 1 771 
344 9228 0 1 771 
345 9228 0 1 771 
346 9228 0 1 771 
347 9228 0 1 771 
348 9228 0 0 772 
349 9228 0 0 772 
350 9228 0 0 772 
351 9228 0 0 772 
352 9228 0 0 772 
353 9228 0 0 772 
354 9228 0 0 772 
355 9228 0 0 772 
356 9228 0 0 772 
357 9228 0 0 772 
358 9228 0 0 772 
359 9228 0 0 772 
360 9228 0 0 772 
