0 9997 1 2 0 
1 9995 3 2 0 
2 9995 3 2 0 
3 9994 4 2 0 
4 9991 7 2 0 
5 9990 8 2 0 
6 9990 8 2 0 
7 9990 8 2 0 
8 9989 9 0 2 
9 9989 9 0 2 
10 9989 9 0 2 
11 9989 6 3 2 
12 9985 10 3 2 
13 9984 10 4 2 
14 9983 8 7 2 
15 9982 8 8 2 
16 9979 11 8 2 
17 9976 14 8 2 
18 9975 14 6 5 
19 9974 15 6 5 
20 9972 17 5 6 
21 9972 17 2 9 
22 9971 14 5 10 
23 9969 15 6 10 
24 9967 16 7 10 
25 9965 17 7 11 
26 9962 17 10 11 
27 9961 15 13 11 
28 9958 17 14 11 
29 9952 22 11 15 
30 9949 23 12 16 
31 9949 23 11 17 
32 9947 24 11 18 
33 9942 27 10 21 
34 9939 28 9 24 
35 9938 27 10 25 
36 9934 28 12 26 
37 9930 31 11 28 
38 9928 30 14 28 
39 9924 28 19 29 
40 9916 33 20 31 
41 9911 38 18 33 
42 9910 37 18 35 
43 9907 35 20 38 
44 9902 37 22 39 
45 9894 44 20 42 
46 9886 48 18 48 
47 9879 51 19 51 
48 9875 53 21 51 
49 9871 53 23 53 
50 9866 50 26 58 
51 9860 51 28 61 
52 9854 56 28 62 
53 9847 60 27 66 
54 9844 58 28 70 
55 9837 57 34 72 
56 9834 52 38 76 
57 9824 55 37 84 
58 9816 59 36 89 
59 9808 63 39 90 
60 9798 68 41 93 
61 9794 66 42 98 
62 9785 69 40 106 
63 9778 69 39 114 
64 9769 75 35 121 
65 9758 79 38 125 
66 9751 83 37 129 
67 9747 77 42 134 
68 9739 77 44 140 
69 9728 80 46 146 
70 9717 81 49 153 
71 9706 88 50 156 
72 9691 94 52 163 
73 9686 92 56 166 
74 9678 91 55 176 
75 9669 89 58 184 
76 9658 93 57 192 
77 9651 96 51 202 
78 9642 97 55 206 
79 9629 99 57 215 
80 9622 95 61 222 
81 9610 96 63 231 
82 9603 88 67 242 
83 9587 99 65 249 
84 9577 101 69 253 
85 9568 101 70 261 
86 9559 99 70 272 
87 9548 103 66 283 
88 9538 104 64 294 
89 9523 106 62 309 
90 9518 104 64 314 
91 9509 101 68 322 
92 9499 104 66 331 
93 9492 95 71 342 
94 9475 102 74 349 
95 9465 103 74 358 
96 9445 114 70 371 
97 9433 115 74 378 
98 9416 122 72 390 
99 9404 119 80 397 
100 9396 122 69 413 
101 9378 131 68 423 
102 9361 138 69 432 
103 9349 143 67 441 
104 9336 139 73 452 
105 9321 144 73 462 
106 9309 136 78 477 
107 9295 138 85 482 
108 9283 133 93 491 
109 9268 136 95 501 
110 9256 140 96 508 
111 9238 140 97 525 
112 9216 145 104 535 
113 9196 153 96 555 
114 9179 157 97 567 
115 9166 155 95 584 
116 9150 159 95 596 
117 9135 160 101 604 
118 9119 164 95 622 
119 9094 174 93 639 
120 9078 178 93 651 
121 9065 173 98 664 
122 9044 172 105 679 
123 9025 171 113 691 
124 9006 173 116 705 
125 8986 180 117 717 
126 8971 179 118 732 
127 8948 187 121 744 
128 8933 186 119 762 
129 8909 185 122 784 
130 8890 188 118 804 
131 8876 189 114 821 
132 8862 182 122 834 
133 8834 191 125 850 
134 8816 190 129 865 
135 8796 190 133 881 
136 8774 197 123 906 
137 8758 190 130 922 
138 8732 201 132 935 
139 8707 202 135 956 
140 8688 202 135 975 
141 8672 204 130 994 
142 8658 204 124 1014 
143 8636 198 137 1029 
144 8616 200 132 1052 
145 8592 204 137 1067 
146 8565 209 135 1091 
147 8543 215 132 1110 
148 8521 211 144 1124 
149 8497 210 155 1138 
150 8478 210 146 1166 
151 8457 215 144 1184 
152 8430 228 138 1204 
153 8411 225 138 1226 
154 8389 227 142 1242 
155 8374 218 140 1268 
156 8354 211 142 1293 
157 8321 222 145 1312 
158 8305 216 151 1328 
159 8280 217 161 1342 
160 8262 216 158 1364 
161 8229 228 159 1384 
162 8189 241 162 1408 
163 8162 249 154 1435 
164 8137 252 154 1457 
165 8117 257 147 1479 
166 8096 258 143 1503 
167 8075 246 157 1522 
168 8052 253 152 1543 
169 8030 250 150 1570 
170 8008 254 149 1589 
171 7988 241 160 1611 
172 7967 222 185 1626 
173 7945 217 192 1646 
174 7911 226 184 1679 
175 7884 233 188 1695 
176 7861 235 184 1720 
177 7831 244 187 1738 
178 7805 247 177 1771 
179 7781 249 159 1811 
180 7749 259 154 1838 
181 7734 254 149 1863 
182 7709 258 150 1883 
183 7693 252 151 1904 
184 7679 232 164 1925 
185 7665 219 168 1948 
186 7648 213 169 1970 
187 7625 206 177 1992 
188 7613 192 183 2012 
189 7589 192 186 2033 
190 7566 183 196 2055 
191 7546 188 177 2089 
192 7523 186 175 2116 
193 7503 190 168 2139 
194 7486 193 152 2169 
195 7475 190 140 2195 
196 7462 186 133 2219 
197 7450 175 124 2251 
198 7434 179 121 2266 
199 7417 172 120 2291 
200 7402 164 127 2307 
201 7392 154 133 2321 
202 7371 152 142 2335 
203 7353 150 145 2352 
204 7333 153 139 2375 
205 7321 154 138 2387 
206 7306 156 127 2411 
207 7297 153 116 2434 
208 7292 142 112 2454 
209 7282 135 106 2477 
210 7266 136 101 2497 
211 7250 142 94 2514 
212 7244 127 104 2525 
213 7233 120 109 2538 
214 7223 110 117 2550 
215 7213 108 113 2566 
216 7204 102 111 2583 
217 7191 106 105 2598 
218 7180 112 100 2608 
219 7174 108 89 2629 
220 7166 100 87 2647 
221 7160 90 83 2667 
222 7155 89 77 2679 
223 7146 87 73 2694 
224 7143 80 74 2703 
225 7138 75 79 2708 
226 7131 73 78 2718 
227 7126 65 75 2734 
228 7124 56 70 2750 
229 7118 56 70 2756 
230 7114 52 67 2767 
231 7102 58 63 2777 
232 7098 57 58 2787 
233 7094 52 58 2796 
234 7088 55 48 2809 
235 7086 52 42 2820 
236 7082 49 43 2826 
237 7075 51 40 2834 
238 7072 52 36 2840 
239 7069 49 37 2845 
240 7066 48 32 2854 
241 7065 37 41 2857 
242 7063 35 40 2862 
243 7059 35 37 2869 
244 7057 31 38 2874 
245 7054 32 38 2876 
246 7052 30 36 2882 
247 7048 27 39 2886 
248 7048 24 30 2898 
249 7042 27 29 2902 
250 7039 27 28 2906 
251 7036 29 23 2912 
252 7032 31 23 2914 
253 7029 30 23 2918 
254 7027 30 18 2925 
255 7025 29 18 2928 
256 7023 29 17 2931 
257 7020 28 18 2934 
258 7019 29 17 2935 
259 7017 25 21 2937 
260 7016 23 20 2941 
261 7014 22 21 2943 
262 7012 20 22 2946 
263 7011 18 23 2948 
264 7010 17 21 2952 
265 7007 18 23 2952 
266 7003 20 19 2958 
267 7002 18 19 2961 
268 7001 18 17 2964 
269 6999 18 15 2968 
270 6999 17 13 2971 
271 6998 16 13 2973 
272 6997 15 13 2975 
273 6996 15 12 2977 
274 6995 15 10 2980 
275 6993 14 12 2981 
276 6993 10 14 2983 
277 6993 9 14 2984 
278 6993 8 13 2986 
279 6993 6 13 2988 
280 6993 6 12 2989 
281 6993 5 12 2990 
282 6992 5 10 2993 
283 6992 4 7 2997 
284 6992 3 7 2998 
285 6991 2 8 2999 
286 6989 4 6 3001 
287 6988 5 6 3001 
288 6987 6 5 3002 
289 6987 6 4 3003 
290 6987 6 3 3004 
291 6987 6 2 3005 
292 6987 5 1 3007 
293 6987 5 1 3007 
294 6987 5 1 3007 
295 6987 4 2 3007 
296 6987 2 4 3007 
297 6987 1 5 3007 
298 6987 0 6 3007 
299 6987 0 5 3008 
300 6986 1 5 3008 
301 6986 1 5 3008 
302 6985 2 4 3009 
303 6985 2 2 3011 
304 6985 2 1 3012 
305 6985 2 0 3013 
306 6985 2 0 3013 
307 6985 2 0 3013 
308 6985 2 0 3013 
309 6985 2 0 3013 
310 6985 1 1 3013 
311 6985 1 1 3013 
312 6985 0 2 3013 
313 6984 1 2 3013 
314 6984 1 2 3013 
315 6984 1 2 3013 
316 6984 1 2 3013 
317 6984 1 1 3014 
318 6984 1 1 3014 
319 6984 1 0 3015 
320 6984 1 0 3015 
321 6984 1 0 3015 
322 6984 1 0 3015 
323 6984 0 1 3015 
324 6984 0 1 3015 
325 6984 0 1 3015 
326 6984 0 1 3015 
327 6984 0 1 3015 
328 6984 0 1 3015 
329 6984 0 1 3015 
330 6984 0 0 3016 
331 6984 0 0 3016 
332 6984 0 0 3016 
333 6984 0 0 3016 
334 6984 0 0 3016 
335 6984 0 0 3016 
336 6984 0 0 3016 
337 6984 0 0 3016 
338 6984 0 0 3016 
339 6984 0 0 3016 
340 6984 0 0 3016 
341 6984 0 0 3016 
342 6984 0 0 3016 
