0 9994 3 3 0 
1 9994 3 3 0 
2 9993 4 3 0 
3 9993 4 3 0 
4 9993 4 3 0 
5 9991 6 3 0 
6 9987 10 3 0 
7 9985 12 3 0 
8 9985 12 0 3 
9 9984 13 0 3 
10 9984 13 0 3 
11 9984 10 3 3 
12 9983 10 4 3 
13 9979 14 4 3 
14 9978 15 4 3 
15 9976 15 6 3 
16 9976 11 10 3 
17 9972 13 12 3 
18 9970 15 9 6 
19 9968 16 9 7 
20 9963 21 9 7 
21 9963 21 9 7 
22 9959 24 8 9 
23 9956 23 8 13 
24 9955 23 7 15 
25 9951 25 9 15 
26 9948 28 8 16 
27 9946 26 12 16 
28 9944 26 14 16 
29 9941 27 15 17 
30 9936 27 16 21 
31 9930 33 15 22 
32 9924 35 17 24 
33 9917 39 20 24 
34 9916 39 17 28 
35 9915 36 19 30 
36 9912 36 20 32 
37 9909 37 17 37 
38 9900 44 19 37 
39 9894 47 18 41 
40 9890 46 20 44 
41 9884 46 25 45 
42 9870 54 27 49 
43 9860 57 31 52 
44 9854 62 30 54 
45 9853 62 29 56 
46 9841 71 29 59 
47 9836 73 27 64 
48 9831 69 30 70 
49 9824 70 30 76 
50 9815 75 27 83 
51 9806 78 32 84 
52 9803 67 45 85 
53 9795 65 52 88 
54 9785 69 55 91 
55 9776 77 47 100 
56 9768 73 53 106 
57 9761 75 54 110 
58 9751 80 53 116 
59 9742 82 46 130 
60 9732 83 45 140 
61 9724 82 48 146 
62 9713 90 50 147 
63 9707 88 46 159 
64 9698 87 51 164 
65 9685 91 55 169 
66 9674 94 56 176 
67 9660 101 54 185 
68 9648 103 55 194 
69 9640 102 61 197 
70 9625 107 63 205 
71 9617 107 61 215 
72 9604 109 63 224 
73 9593 114 61 232 
74 9582 116 63 239 
75 9568 117 66 249 
76 9561 113 68 258 
77 9550 110 72 268 
78 9538 110 76 276 
79 9522 118 73 287 
80 9510 115 82 293 
81 9489 128 81 302 
82 9478 126 81 315 
83 9460 133 81 326 
84 9446 136 78 340 
85 9432 136 80 352 
86 9415 146 79 360 
87 9399 151 75 375 
88 9388 150 79 383 
89 9371 151 82 396 
90 9349 161 83 407 
91 9332 157 93 418 
92 9313 165 90 432 
93 9298 162 101 439 
94 9288 158 104 450 
95 9264 168 106 462 
96 9243 172 107 478 
97 9222 177 111 490 
98 9199 189 101 511 
99 9186 185 107 522 
100 9172 177 111 540 
101 9150 182 114 554 
102 9125 188 119 568 
103 9106 192 117 585 
104 9074 214 111 601 
105 9054 210 124 612 
106 9041 202 128 629 
107 9017 205 127 651 
108 8994 205 133 668 
109 8967 219 127 687 
110 8948 224 126 702 
111 8927 223 138 712 
112 8906 219 139 736 
113 8875 231 137 757 
114 8847 227 148 778 
115 8819 235 145 801 
116 8799 242 145 814 
117 8771 246 155 828 
118 8750 244 156 850 
119 8726 241 158 875 
120 8693 255 158 894 
121 8666 261 147 926 
122 8639 267 148 946 
123 8609 266 166 959 
124 8590 257 170 983 
125 8568 251 175 1006 
126 8534 265 168 1033 
127 8506 265 177 1052 
128 8472 278 177 1073 
129 8451 275 180 1094 
130 8414 279 182 1125 
131 8379 287 181 1153 
132 8358 281 180 1181 
133 8323 286 190 1201 
134 8296 294 181 1229 
135 8269 299 182 1250 
136 8251 283 192 1274 
137 8222 284 187 1307 
138 8203 269 194 1334 
139 8170 281 188 1361 
140 8138 276 195 1391 
141 8112 267 211 1410 
142 8081 277 210 1432 
143 8048 275 211 1466 
144 8012 284 210 1494 
145 7987 282 203 1528 
146 7963 288 200 1549 
147 7944 278 192 1586 
148 7911 292 176 1621 
149 7886 284 188 1642 
150 7855 283 185 1677 
151 7841 271 184 1704 
152 7812 269 188 1731 
153 7786 262 203 1749 
154 7754 258 210 1778 
155 7719 268 216 1797 
156 7695 268 207 1830 
157 7664 280 194 1862 
158 7639 272 201 1888 
159 7611 275 195 1919 
160 7593 262 193 1952 
161 7567 274 171 1988 
162 7542 270 175 2013 
163 7530 256 177 2037 
164 7507 247 190 2056 
165 7476 243 192 2089 
166 7457 238 191 2114 
167 7425 239 191 2145 
168 7395 244 202 2159 
169 7361 250 201 2188 
170 7336 257 193 2214 
171 7316 251 187 2246 
172 7292 250 177 2281 
173 7264 266 165 2305 
174 7251 256 157 2336 
175 7232 244 163 2361 
176 7213 244 154 2389 
177 7196 229 168 2407 
178 7181 214 172 2433 
179 7153 208 181 2458 
180 7132 204 194 2470 
181 7109 207 191 2493 
182 7091 201 184 2524 
183 7072 192 193 2543 
184 7046 205 174 2575 
185 7026 206 163 2605 
186 7011 202 148 2639 
187 6998 198 140 2664 
188 6983 198 135 2684 
189 6968 185 139 2708 
190 6956 176 132 2736 
191 6941 168 142 2749 
192 6924 167 141 2768 
193 6910 162 141 2787 
194 6898 148 150 2804 
195 6882 144 155 2819 
196 6867 144 142 2847 
197 6851 147 134 2868 
198 6842 141 126 2891 
199 6827 141 123 2909 
200 6819 137 116 2928 
201 6810 131 105 2954 
202 6801 123 102 2974 
203 6791 119 101 2989 
204 6778 120 100 3002 
205 6770 112 101 3017 
206 6761 106 101 3032 
207 6753 98 105 3044 
208 6740 102 99 3059 
209 6730 97 97 3076 
210 6722 97 91 3090 
211 6705 105 88 3102 
212 6697 104 81 3118 
213 6687 104 76 3133 
214 6677 101 73 3149 
215 6668 102 72 3158 
216 6654 107 66 3173 
217 6650 103 66 3181 
218 6643 97 70 3190 
219 6634 96 71 3199 
220 6623 99 69 3209 
221 6617 88 73 3222 
222 6607 90 73 3230 
223 6600 87 74 3239 
224 6593 84 76 3247 
225 6586 82 72 3260 
226 6576 78 76 3270 
227 6568 82 72 3278 
228 6562 81 62 3295 
229 6555 79 63 3303 
230 6548 75 64 3313 
231 6538 79 60 3323 
232 6531 76 61 3332 
233 6525 75 54 3346 
234 6521 72 57 3350 
235 6516 70 57 3357 
236 6510 66 58 3366 
237 6502 66 55 3377 
238 6494 68 55 3383 
239 6491 64 52 3393 
240 6484 64 52 3400 
241 6480 58 55 3407 
242 6475 56 55 3414 
243 6475 50 51 3424 
244 6468 53 47 3432 
245 6464 52 46 3438 
246 6462 48 45 3445 
247 6455 47 46 3452 
248 6448 46 44 3462 
249 6444 47 40 3469 
250 6440 44 41 3475 
251 6438 42 41 3479 
252 6434 41 41 3484 
253 6431 44 35 3490 
254 6428 40 34 3498 
255 6421 43 30 3506 
256 6418 44 29 3509 
257 6413 42 29 3516 
258 6411 37 32 3520 
259 6410 34 31 3525 
260 6407 33 35 3525 
261 6403 35 30 3532 
262 6396 38 30 3536 
263 6394 37 31 3538 
264 6391 37 27 3545 
265 6390 31 27 3552 
266 6385 33 26 3556 
267 6384 29 27 3560 
268 6380 31 27 3562 
269 6379 31 24 3566 
270 6376 31 24 3569 
271 6373 30 25 3572 
272 6371 25 25 3579 
273 6368 26 24 3582 
274 6365 26 22 3587 
275 6364 26 21 3589 
276 6361 24 25 3590 
277 6359 25 23 3593 
278 6356 24 23 3597 
279 6354 25 17 3604 
280 6353 23 18 3606 
281 6349 24 18 3609 
282 6347 24 19 3610 
283 6345 23 17 3615 
284 6344 21 19 3616 
285 6343 21 16 3620 
286 6342 19 18 3621 
287 6341 18 17 3624 
288 6340 16 17 3627 
289 6339 15 17 3629 
290 6338 15 15 3632 
291 6338 11 16 3635 
292 6335 12 17 3636 
293 6334 11 16 3639 
294 6332 12 15 3641 
295 6331 12 13 3644 
296 6330 12 12 3646 
297 6329 12 12 3647 
298 6327 13 9 3651 
299 6327 12 8 3653 
300 6325 13 7 3655 
301 6325 13 6 3656 
302 6324 11 8 3657 
303 6323 11 8 3658 
304 6323 9 9 3659 
305 6322 9 9 3660 
306 6321 9 9 3661 
307 6321 8 9 3662 
308 6321 6 11 3662 
309 6321 6 8 3665 
310 6321 4 9 3666 
311 6319 6 7 3668 
312 6319 5 7 3669 
313 6318 5 7 3670 
314 6317 6 6 3671 
315 6317 5 5 3673 
316 6317 4 6 3673 
317 6316 5 4 3675 
318 6316 5 4 3675 
319 6316 5 3 3676 
320 6316 5 2 3677 
321 6315 4 4 3677 
322 6315 4 3 3678 
323 6315 3 3 3679 
324 6315 2 4 3679 
325 6315 2 4 3679 
326 6314 3 4 3679 
327 6314 2 5 3679 
328 6314 2 3 3681 
329 6314 2 3 3681 
330 6314 2 2 3682 
331 6314 1 2 3683 
332 6313 2 2 3683 
333 6313 2 2 3683 
334 6313 2 1 3684 
335 6313 2 1 3684 
336 6313 1 2 3684 
337 6312 2 2 3684 
338 6312 2 1 3685 
339 6312 2 1 3685 
340 6312 2 1 3685 
341 6312 2 1 3685 
342 6311 2 2 3685 
343 6311 2 1 3686 
344 6311 2 1 3686 
345 6311 2 1 3686 
346 6311 2 1 3686 
347 6311 1 2 3686 
348 6311 1 2 3686 
349 6311 1 1 3687 
350 6311 1 1 3687 
351 6311 1 1 3687 
352 6311 0 2 3687 
353 6311 0 2 3687 
354 6311 0 1 3688 
355 6311 0 1 3688 
356 6311 0 1 3688 
357 6311 0 1 3688 
358 6311 0 1 3688 
359 6311 0 0 3689 
360 6311 0 0 3689 
361 6311 0 0 3689 
362 6311 0 0 3689 
363 6311 0 0 3689 
364 6311 0 0 3689 
365 6311 0 0 3689 
366 6311 0 0 3689 
367 6311 0 0 3689 
368 6311 0 0 3689 
369 6311 0 0 3689 
370 6311 0 0 3689 
371 6311 0 0 3689 
