0 9993 2 5 0 
1 9991 4 5 0 
2 9987 8 5 0 
3 9986 9 5 0 
4 9983 12 5 0 
5 9982 13 5 0 
6 9981 14 5 0 
7 9980 15 5 0 
8 9979 16 0 5 
9 9979 16 0 5 
10 9979 16 0 5 
11 9979 12 4 5 
12 9978 9 8 5 
13 9975 11 9 5 
14 9969 14 12 5 
15 9964 18 13 5 
16 9960 21 14 5 
17 9957 23 15 5 
18 9955 24 12 9 
19 9952 27 8 13 
20 9950 29 7 14 
21 9947 32 4 17 
22 9945 33 4 18 
23 9945 30 6 19 
24 9943 26 11 20 
25 9936 28 15 21 
26 9932 28 19 21 
27 9925 32 22 21 
28 9914 41 24 21 
29 9910 42 26 22 
30 9903 47 25 25 
31 9901 46 22 31 
32 9896 49 19 36 
33 9888 57 15 40 
34 9884 59 14 43 
35 9881 55 19 45 
36 9876 56 20 48 
37 9871 54 25 50 
38 9860 54 33 53 
39 9849 61 35 55 
40 9837 66 42 55 
41 9824 77 42 57 
42 9814 82 40 64 
43 9798 90 44 68 
44 9793 91 41 75 
45 9786 95 33 86 
46 9775 101 34 90 
47 9765 106 32 97 
48 9753 107 41 99 
49 9736 113 47 104 
50 9724 113 51 112 
51 9710 114 60 116 
52 9695 119 67 119 
53 9684 114 78 124 
54 9672 121 78 129 
55 9663 123 74 140 
56 9656 119 74 151 
57 9643 122 72 163 
58 9636 117 71 176 
59 9617 119 78 186 
60 9605 119 74 202 
61 9593 117 83 207 
62 9579 116 91 214 
63 9564 120 91 225 
64 9552 120 93 235 
65 9536 127 90 247 
66 9516 140 80 264 
67 9501 142 81 276 
68 9486 150 74 290 
69 9474 143 78 305 
70 9452 153 79 316 
71 9434 159 79 328 
72 9419 160 84 337 
73 9397 167 92 344 
74 9373 179 91 357 
75 9351 185 100 364 
76 9329 187 101 383 
77 9301 200 104 395 
78 9276 210 107 407 
79 9251 223 105 421 
80 9230 222 112 436 
81 9206 228 118 448 
82 9185 234 117 464 
83 9158 239 119 484 
84 9139 234 128 499 
85 9113 238 135 514 
86 9095 234 145 526 
87 9058 243 151 548 
88 9021 255 158 566 
89 8983 268 168 581 
90 8951 279 167 603 
91 8924 282 167 627 
92 8893 292 166 649 
93 8861 297 171 671 
94 8826 313 162 699 
95 8805 308 163 724 
96 8783 312 156 749 
97 8761 297 172 770 
98 8726 295 185 794 
99 8695 288 202 815 
100 8651 300 207 842 
101 8616 308 215 861 
102 8579 314 220 887 
103 8541 320 234 905 
104 8496 330 232 942 
105 8443 362 216 979 
106 8415 368 200 1017 
107 8386 375 190 1049 
108 8354 372 198 1076 
109 8323 372 198 1107 
110 8285 366 210 1139 
111 8246 370 210 1174 
112 8205 374 226 1195 
113 8154 387 242 1217 
114 8114 382 265 1239 
115 8065 378 283 1274 
116 8018 397 280 1305 
117 7973 413 265 1349 
118 7926 428 262 1384 
119 7876 447 256 1421 
120 7841 444 256 1459 
121 7784 462 250 1504 
122 7743 462 238 1557 
123 7712 442 261 1585 
124 7674 440 272 1614 
125 7631 434 289 1646 
126 7577 441 305 1677 
127 7533 440 312 1715 
128 7487 439 320 1754 
129 7419 457 329 1795 
130 7362 479 313 1846 
131 7301 483 330 1886 
132 7240 503 322 1935 
133 7195 517 306 1982 
134 7147 527 299 2027 
135 7110 521 295 2074 
136 7061 516 299 2124 
137 7001 532 308 2159 
138 6963 524 297 2216 
139 6920 499 324 2257 
140 6870 492 350 2288 
141 6815 486 373 2326 
142 6756 484 391 2369 
143 6679 516 382 2423 
144 6637 510 386 2467 
145 6576 534 377 2513 
146 6531 530 358 2581 
147 6483 518 361 2638 
148 6436 527 338 2699 
149 6392 528 320 2760 
150 6346 524 325 2805 
151 6315 500 332 2853 
152 6266 490 354 2890 
153 6216 463 382 2939 
154 6158 479 364 2999 
155 6100 476 387 3037 
156 6058 473 389 3080 
157 5999 484 387 3130 
158 5943 493 379 3185 
159 5895 497 364 3244 
160 5842 504 333 3321 
161 5809 506 322 3363 
162 5763 503 310 3424 
163 5733 483 315 3469 
164 5701 457 325 3517 
165 5666 434 336 3564 
166 5624 434 334 3608 
167 5578 421 347 3654 
168 5538 405 372 3685 
169 5493 402 371 3734 
170 5459 383 374 3784 
171 5421 388 349 3842 
172 5388 375 337 3900 
173 5343 390 325 3942 
174 5316 385 298 4001 
175 5283 383 277 4057 
176 5260 364 271 4105 
177 5234 344 264 4158 
178 5210 328 271 4191 
179 5180 313 270 4237 
180 5154 305 274 4267 
181 5122 299 280 4299 
182 5093 295 278 4334 
183 5075 268 281 4376 
184 5054 262 262 4422 
185 5026 257 255 4462 
186 5001 259 233 4507 
187 4978 256 225 4541 
188 4963 247 211 4579 
189 4948 232 208 4612 
190 4928 226 189 4657 
191 4913 209 194 4684 
192 4892 201 190 4717 
193 4875 200 185 4740 
194 4858 196 180 4766 
195 4844 182 184 4790 
196 4827 174 179 4820 
197 4805 173 176 4846 
198 4790 173 159 4878 
199 4785 163 145 4907 
200 4775 153 147 4925 
201 4762 151 141 4946 
202 4747 145 134 4974 
203 4731 144 126 4999 
204 4720 138 120 5022 
205 4710 134 119 5037 
206 4694 133 121 5052 
207 4688 117 123 5072 
208 4682 108 123 5087 
209 4667 118 107 5108 
210 4654 121 100 5125 
211 4648 114 96 5142 
212 4637 110 97 5156 
213 4630 101 96 5173 
214 4618 102 85 5195 
215 4610 100 80 5210 
216 4602 92 91 5215 
217 4593 95 87 5225 
218 4591 91 80 5238 
219 4587 80 80 5253 
220 4577 77 77 5269 
221 4572 76 72 5280 
222 4565 72 73 5290 
223 4563 67 64 5306 
224 4560 58 70 5312 
225 4550 60 72 5318 
226 4543 59 65 5333 
227 4537 56 61 5346 
228 4531 60 57 5352 
229 4527 60 50 5363 
230 4525 52 53 5370 
231 4518 54 46 5382 
232 4517 48 45 5390 
233 4514 49 39 5398 
234 4512 48 33 5407 
235 4511 39 41 5409 
236 4506 37 44 5413 
237 4502 35 40 5423 
238 4499 32 41 5428 
239 4497 30 38 5435 
240 4495 30 38 5437 
241 4493 25 42 5440 
242 4489 28 33 5450 
243 4485 29 29 5457 
244 4484 28 25 5463 
245 4483 28 20 5469 
246 4482 24 21 5473 
247 4482 20 23 5475 
248 4482 17 19 5482 
249 4481 16 20 5483 
250 4478 17 19 5486 
251 4478 15 19 5488 
252 4475 14 22 5489 
253 4474 11 21 5494 
254 4474 10 18 5498 
255 4473 10 16 5501 
256 4471 11 15 5503 
257 4469 13 13 5505 
258 4469 13 11 5507 
259 4468 13 8 5511 
260 4467 11 7 5515 
261 4466 12 6 5516 
262 4465 10 8 5517 
263 4464 10 8 5518 
264 4464 10 8 5518 
265 4464 9 9 5518 
266 4464 7 10 5519 
267 4464 5 9 5522 
268 4463 6 9 5522 
269 4463 5 7 5525 
270 4462 5 7 5526 
271 4461 5 8 5526 
272 4460 5 8 5527 
273 4460 4 7 5529 
274 4460 4 5 5531 
275 4460 4 5 5531 
276 4460 4 4 5532 
277 4459 5 3 5533 
278 4459 4 3 5534 
279 4459 4 2 5535 
280 4458 4 2 5536 
281 4458 3 3 5536 
282 4458 2 4 5536 
283 4457 3 4 5536 
284 4455 5 4 5536 
285 4455 5 3 5537 
286 4454 6 3 5537 
287 4454 5 3 5538 
288 4454 5 2 5539 
289 4454 5 1 5540 
290 4453 5 2 5540 
291 4453 5 2 5540 
292 4453 5 2 5540 
293 4453 4 3 5540 
294 4453 2 4 5541 
295 4453 2 4 5541 
296 4453 1 5 5541 
297 4451 3 4 5542 
298 4450 4 4 5542 
299 4447 7 4 5542 
300 4447 6 4 5543 
301 4447 6 2 5545 
302 4447 6 2 5545 
303 4447 6 1 5546 
304 4447 6 1 5546 
305 4447 6 1 5546 
306 4447 6 1 5546 
307 4447 4 2 5547 
308 4447 3 3 5547 
309 4445 2 6 5547 
310 4444 3 6 5547 
311 4444 3 6 5547 
312 4441 6 6 5547 
313 4441 6 6 5547 
314 4441 6 4 5549 
315 4440 7 3 5550 
316 4440 7 0 5553 
317 4440 7 0 5553 
318 4440 7 0 5553 
319 4440 5 2 5553 
320 4438 6 3 5553 
321 4438 6 3 5553 
322 4437 4 6 5553 
323 4435 6 6 5553 
324 4435 6 6 5553 
325 4435 5 7 5553 
326 4434 6 5 5555 
327 4434 6 4 5556 
328 4434 6 4 5556 
329 4434 6 1 5559 
330 4434 4 3 5559 
331 4432 6 3 5559 
332 4432 5 3 5560 
333 4432 3 5 5560 
334 4431 4 5 5560 
335 4431 4 5 5560 
336 4431 3 6 5560 
337 4431 3 4 5562 
338 4431 3 4 5562 
339 4431 3 3 5563 
340 4431 3 1 5565 
341 4431 1 3 5565 
342 4431 1 3 5565 
343 4431 1 2 5566 
344 4431 0 3 5566 
345 4431 0 3 5566 
346 4431 0 3 5566 
347 4431 0 3 5566 
348 4431 0 1 5568 
349 4430 1 1 5568 
350 4430 1 1 5568 
351 4430 1 0 5569 
352 4430 1 0 5569 
353 4430 1 0 5569 
354 4430 1 0 5569 
355 4430 1 0 5569 
356 4430 1 0 5569 
357 4430 1 0 5569 
358 4430 1 0 5569 
359 4430 0 1 5569 
360 4430 0 1 5569 
361 4430 0 1 5569 
362 4430 0 1 5569 
363 4430 0 1 5569 
364 4430 0 1 5569 
365 4430 0 1 5569 
366 4430 0 0 5570 
367 4430 0 0 5570 
368 4430 0 0 5570 
369 4430 0 0 5570 
370 4430 0 0 5570 
371 4430 0 0 5570 
372 4430 0 0 5570 
373 4430 0 0 5570 
374 4430 0 0 5570 
375 4430 0 0 5570 
376 4430 0 0 5570 
377 4430 0 0 5570 
378 4430 0 0 5570 
