0 9995 2 3 0 
1 9993 4 3 0 
2 9991 6 3 0 
3 9988 9 3 0 
4 9988 9 3 0 
5 9987 10 3 0 
6 9987 10 3 0 
7 9985 12 3 0 
8 9983 14 0 3 
9 9983 14 0 3 
10 9983 14 0 3 
11 9983 10 4 3 
12 9981 10 6 3 
13 9979 9 9 3 
14 9976 12 9 3 
15 9974 13 10 3 
16 9971 16 10 3 
17 9968 17 12 3 
18 9963 20 10 7 
19 9963 20 8 9 
20 9962 21 5 12 
21 9962 21 5 12 
22 9960 21 6 13 
23 9959 20 8 13 
24 9957 19 9 15 
25 9953 21 9 17 
26 9951 20 12 17 
27 9947 21 15 17 
28 9945 18 20 17 
29 9941 22 18 19 
30 9934 28 17 21 
31 9931 31 14 24 
32 9931 29 14 26 
33 9929 30 12 29 
34 9926 31 11 32 
35 9923 30 10 37 
36 9919 32 12 37 
37 9917 30 15 38 
38 9912 33 17 38 
39 9909 32 19 40 
40 9902 32 25 41 
41 9894 37 26 43 
42 9887 44 22 47 
43 9881 48 22 49 
44 9879 47 21 53 
45 9869 54 22 55 
46 9867 52 22 59 
47 9864 53 17 66 
48 9861 51 19 69 
49 9858 51 22 69 
50 9853 49 27 71 
51 9844 50 32 74 
52 9837 50 36 77 
53 9827 54 38 81 
54 9825 54 38 83 
55 9819 50 43 88 
56 9809 58 42 91 
57 9804 60 38 98 
58 9799 62 33 106 
59 9793 65 29 113 
60 9789 64 28 119 
61 9787 57 35 121 
62 9781 56 32 131 
63 9773 54 40 133 
64 9766 59 39 136 
65 9759 60 42 139 
66 9746 63 49 142 
67 9736 68 49 147 
68 9725 74 45 156 
69 9714 79 44 163 
70 9706 83 38 173 
71 9698 89 38 175 
72 9694 87 38 181 
73 9686 87 36 191 
74 9678 88 38 196 
75 9672 87 40 201 
76 9668 78 47 207 
77 9659 77 53 211 
78 9645 80 62 213 
79 9628 86 67 219 
80 9612 94 67 227 
81 9598 100 68 234 
82 9588 106 65 241 
83 9580 106 60 254 
84 9567 111 58 264 
85 9559 113 53 275 
86 9553 115 46 286 
87 9545 114 47 294 
88 9541 104 53 302 
89 9529 99 66 306 
90 9524 88 74 314 
91 9512 86 80 322 
92 9493 95 84 328 
93 9479 101 88 332 
94 9470 97 92 341 
95 9450 109 86 355 
96 9435 118 75 372 
97 9425 120 67 388 
98 9420 121 57 402 
99 9413 116 59 412 
100 9401 123 56 420 
101 9397 115 55 433 
102 9391 102 66 441 
103 9373 106 74 447 
104 9357 113 75 455 
105 9345 105 91 459 
106 9328 107 94 471 
107 9309 116 99 476 
108 9290 130 92 488 
109 9277 136 80 507 
110 9266 135 78 521 
111 9252 145 73 530 
112 9247 144 59 550 
113 9238 135 62 565 
114 9225 132 68 575 
115 9215 130 75 580 
116 9201 127 85 587 
117 9191 118 92 599 
118 9175 115 107 603 
119 9154 123 114 609 
120 9135 131 107 627 
121 9119 133 105 643 
122 9100 147 98 655 
123 9091 147 90 672 
124 9072 153 84 691 
125 9063 152 75 710 
126 9055 146 76 723 
127 9037 154 75 734 
128 9024 151 77 748 
129 9009 145 93 753 
130 8996 139 103 762 
131 8975 144 106 775 
132 8950 150 115 785 
133 8923 168 110 799 
134 8911 161 119 809 
135 8897 166 112 825 
136 8888 167 99 846 
137 8876 161 98 865 
138 8859 165 95 881 
139 8846 163 91 900 
140 8823 173 95 909 
141 8807 168 97 928 
142 8793 157 113 937 
143 8780 143 132 945 
144 8756 155 126 963 
145 8739 158 127 976 
146 8726 162 121 991 
147 8714 162 120 1004 
148 8694 165 116 1025 
149 8675 171 104 1050 
150 8661 162 100 1077 
151 8643 164 104 1089 
152 8623 170 104 1103 
153 8608 172 108 1112 
154 8590 166 120 1124 
155 8568 171 120 1141 
156 8552 174 120 1154 
157 8538 176 109 1177 
158 8521 173 113 1193 
159 8503 172 118 1207 
160 8490 171 119 1220 
161 8475 168 113 1244 
162 8467 156 116 1261 
163 8445 163 118 1274 
164 8434 156 124 1286 
165 8408 160 126 1306 
166 8391 161 123 1325 
167 8370 168 123 1339 
168 8343 178 122 1357 
169 8324 179 120 1377 
170 8308 182 118 1392 
171 8289 186 115 1410 
172 8278 189 101 1432 
173 8269 176 107 1448 
174 8246 188 104 1462 
175 8228 180 113 1479 
176 8212 179 112 1497 
177 8193 177 120 1510 
178 8178 165 132 1525 
179 8161 163 143 1533 
180 8141 167 137 1555 
181 8128 161 145 1566 
182 8105 173 130 1592 
183 8089 180 122 1609 
184 8073 173 124 1630 
185 8053 175 115 1657 
186 8034 178 112 1676 
187 8019 174 115 1692 
188 8007 171 111 1711 
189 7986 175 117 1722 
190 7976 165 128 1731 
191 7956 172 118 1754 
192 7943 162 123 1772 
193 7926 163 123 1788 
194 7909 164 120 1807 
195 7897 156 125 1822 
196 7879 155 127 1839 
197 7866 153 122 1859 
198 7840 167 121 1872 
199 7819 167 119 1895 
200 7797 179 113 1911 
201 7780 176 117 1927 
202 7765 178 110 1947 
203 7751 175 108 1966 
204 7735 174 110 1981 
205 7722 175 110 1993 
206 7712 167 107 2014 
207 7701 165 110 2024 
208 7690 150 116 2044 
209 7674 145 124 2057 
210 7660 137 129 2074 
211 7644 136 129 2091 
212 7633 132 132 2103 
213 7619 132 128 2121 
214 7604 131 131 2134 
215 7594 128 118 2160 
216 7580 132 107 2181 
217 7571 130 96 2203 
218 7570 120 90 2220 
219 7561 113 91 2235 
220 7553 107 91 2249 
221 7539 105 91 2265 
222 7522 111 89 2278 
223 7510 109 93 2288 
224 7499 105 97 2299 
225 7485 109 96 2310 
226 7472 108 94 2326 
227 7463 108 89 2340 
228 7452 118 74 2356 
229 7445 116 72 2367 
230 7438 115 66 2381 
231 7433 106 65 2396 
232 7428 94 72 2406 
233 7419 91 70 2420 
234 7408 91 72 2429 
235 7403 82 85 2430 
236 7390 82 89 2439 
237 7383 80 90 2447 
238 7375 77 87 2461 
239 7370 75 77 2478 
240 7366 72 72 2490 
241 7360 73 66 2501 
242 7357 71 57 2515 
243 7352 67 53 2528 
244 7347 61 55 2537 
245 7339 64 49 2548 
246 7332 58 55 2555 
247 7325 58 55 2562 
248 7318 57 58 2567 
249 7313 57 58 2572 
250 7306 60 53 2581 
251 7300 60 48 2592 
252 7295 62 46 2597 
253 7290 62 38 2610 
254 7286 61 36 2617 
255 7284 55 36 2625 
256 7283 49 38 2630 
257 7276 49 41 2634 
258 7270 48 42 2640 
259 7268 45 44 2643 
260 7263 43 46 2648 
261 7257 43 47 2653 
262 7251 44 44 2661 
263 7247 43 42 2668 
264 7243 43 39 2675 
265 7243 41 34 2682 
266 7240 43 30 2687 
267 7237 39 30 2694 
268 7232 38 30 2700 
269 7225 43 27 2705 
270 7219 44 27 2710 
271 7213 44 29 2714 
272 7211 40 33 2716 
273 7209 38 36 2717 
274 7203 40 33 2724 
275 7200 43 27 2730 
276 7198 42 28 2732 
277 7191 46 26 2737 
278 7188 44 25 2743 
279 7184 41 26 2749 
280 7181 38 28 2753 
281 7178 35 30 2757 
282 7176 35 32 2757 
283 7171 38 31 2760 
284 7166 37 34 2763 
285 7164 36 32 2768 
286 7163 35 27 2775 
287 7161 30 28 2781 
288 7159 29 25 2787 
289 7157 27 27 2789 
290 7156 25 28 2791 
291 7153 25 25 2797 
292 7152 24 24 2800 
293 7150 21 27 2802 
294 7146 20 25 2809 
295 7143 21 24 2812 
296 7141 22 21 2816 
297 7140 21 20 2819 
298 7138 21 19 2822 
299 7136 21 19 2824 
300 7136 20 15 2829 
301 7136 17 13 2834 
302 7134 18 12 2836 
303 7132 18 13 2837 
304 7132 14 15 2839 
305 7132 11 16 2841 
306 7130 11 16 2843 
307 7128 12 16 2844 
308 7126 12 15 2847 
309 7126 10 16 2848 
310 7123 13 14 2850 
311 7123 13 10 2854 
312 7120 14 9 2857 
313 7120 12 9 2859 
314 7117 15 8 2860 
315 7116 16 6 2862 
316 7116 14 6 2864 
317 7116 12 8 2864 
318 7115 11 10 2864 
319 7113 13 8 2866 
320 7113 10 9 2868 
321 7113 10 9 2868 
322 7111 9 12 2868 
323 7109 11 10 2870 
324 7107 10 11 2872 
325 7107 9 10 2874 
326 7106 10 10 2874 
327 7104 12 7 2877 
328 7104 11 8 2877 
329 7104 9 7 2880 
330 7104 9 7 2880 
331 7104 9 4 2883 
332 7103 8 5 2884 
333 7103 6 7 2884 
334 7102 5 9 2884 
335 7101 6 8 2885 
336 7101 5 7 2887 
337 7099 5 9 2887 
338 7099 5 9 2887 
339 7097 7 7 2889 
340 7097 7 5 2891 
341 7097 7 3 2893 
342 7097 6 4 2893 
343 7097 6 3 2894 
344 7096 6 2 2896 
345 7096 5 3 2896 
346 7096 5 3 2896 
347 7096 3 5 2896 
348 7096 3 5 2896 
349 7095 2 6 2897 
350 7094 3 6 2897 
351 7094 3 5 2898 
352 7093 4 4 2899 
353 7092 5 4 2899 
354 7092 4 3 2901 
355 7092 4 3 2901 
356 7091 5 1 2903 
357 7091 5 1 2903 
358 7091 5 1 2903 
359 7091 4 2 2903 
360 7091 3 3 2903 
361 7090 4 2 2904 
362 7090 3 3 2904 
363 7088 4 4 2904 
364 7088 4 4 2904 
365 7087 5 4 2904 
366 7085 6 4 2905 
367 7084 7 3 2906 
368 7084 7 3 2906 
369 7084 7 2 2907 
370 7083 8 1 2908 
371 7083 7 2 2908 
372 7083 7 2 2908 
373 7083 5 3 2909 
374 7083 5 3 2909 
375 7083 4 4 2909 
376 7083 2 6 2909 
377 7081 3 7 2909 
378 7079 5 6 2910 
379 7078 6 6 2910 
380 7078 5 5 2912 
381 7078 5 5 2912 
382 7076 7 4 2913 
383 7076 7 2 2915 
384 7076 7 1 2916 
385 7076 7 1 2916 
386 7076 7 1 2916 
387 7076 5 2 2917 
388 7076 3 4 2917 
389 7075 3 5 2917 
390 7074 4 5 2917 
391 7073 5 5 2917 
392 7073 3 7 2917 
393 7072 4 7 2917 
394 7071 5 5 2919 
395 7071 5 3 2921 
396 7071 5 2 2922 
397 7071 5 2 2922 
398 7071 5 2 2922 
399 7071 4 1 2924 
400 7069 5 2 2924 
401 7069 4 3 2924 
402 7069 4 3 2924 
403 7066 6 4 2924 
404 7065 6 5 2924 
405 7065 6 5 2924 
406 7065 6 4 2925 
407 7064 7 3 2926 
408 7064 7 2 2927 
409 7063 8 2 2927 
410 7063 6 3 2928 
411 7062 7 2 2929 
412 7062 7 2 2929 
413 7062 4 5 2929 
414 7062 3 6 2929 
415 7062 3 6 2929 
416 7062 3 6 2929 
417 7061 3 5 2931 
418 7061 3 5 2931 
419 7061 2 6 2931 
420 7060 3 3 2934 
421 7060 2 3 2935 
422 7060 2 3 2935 
423 7060 2 3 2935 
424 7060 2 2 2936 
425 7060 2 2 2936 
426 7059 3 1 2937 
427 7058 3 2 2937 
428 7058 3 1 2938 
429 7058 3 1 2938 
430 7058 2 2 2938 
431 7058 2 2 2938 
432 7058 2 2 2938 
433 7057 3 2 2938 
434 7056 4 1 2939 
435 7056 4 1 2939 
436 7056 3 2 2939 
437 7056 2 2 2940 
438 7056 2 2 2940 
439 7056 2 2 2940 
440 7056 2 2 2940 
441 7055 3 2 2940 
442 7055 3 2 2940 
443 7055 2 2 2941 
444 7055 1 2 2942 
445 7055 1 2 2942 
446 7055 1 2 2942 
447 7055 1 2 2942 
448 7055 1 2 2942 
449 7055 1 2 2942 
450 7055 1 1 2943 
451 7055 0 1 2944 
452 7055 0 1 2944 
453 7055 0 1 2944 
454 7055 0 1 2944 
455 7055 0 1 2944 
456 7055 0 1 2944 
457 7055 0 1 2944 
458 7055 0 0 2945 
459 7055 0 0 2945 
460 7055 0 0 2945 
461 7055 0 0 2945 
462 7055 0 0 2945 
463 7055 0 0 2945 
464 7055 0 0 2945 
465 7055 0 0 2945 
466 7055 0 0 2945 
467 7055 0 0 2945 
468 7055 0 0 2945 
469 7055 0 0 2945 
470 7055 0 0 2945 
