0 9995 3 2 0 
1 9995 3 2 0 
2 9993 5 2 0 
3 9993 5 2 0 
4 9993 5 2 0 
5 9993 5 2 0 
6 9993 5 2 0 
7 9992 6 2 0 
8 9991 7 0 2 
9 9991 7 0 2 
10 9991 7 0 2 
11 9991 4 3 2 
12 9990 3 5 2 
13 9985 8 5 2 
14 9985 8 5 2 
15 9982 11 5 2 
16 9980 13 5 2 
17 9975 17 6 2 
18 9972 19 4 5 
19 9971 20 2 7 
20 9971 20 2 7 
21 9971 20 2 7 
22 9971 19 3 7 
23 9970 15 8 7 
24 9965 20 7 8 
25 9961 21 9 9 
26 9957 23 11 9 
27 9956 19 16 9 
28 9951 21 19 9 
29 9945 26 19 10 
30 9940 31 14 15 
31 9938 33 14 15 
32 9935 36 11 18 
33 9934 36 10 20 
34 9931 34 10 25 
35 9925 36 11 28 
36 9920 37 14 29 
37 9916 40 15 29 
38 9913 38 20 29 
39 9910 35 26 29 
40 9897 43 30 30 
41 9887 51 27 35 
42 9879 56 26 39 
43 9875 59 23 43 
44 9868 63 25 44 
45 9861 64 26 49 
46 9855 65 25 55 
47 9848 68 24 60 
48 9841 72 25 62 
49 9836 74 25 65 
50 9827 70 37 66 
51 9818 69 44 69 
52 9810 69 46 75 
53 9802 73 45 80 
54 9794 74 48 84 
55 9790 71 52 87 
56 9777 78 55 90 
57 9769 79 49 103 
58 9760 81 46 113 
59 9750 86 43 121 
60 9744 83 48 125 
61 9735 83 50 132 
62 9724 86 51 139 
63 9716 86 53 145 
64 9704 90 54 152 
65 9692 98 51 159 
66 9684 93 59 164 
67 9674 95 58 173 
68 9663 97 58 182 
69 9651 99 60 190 
70 9638 106 58 198 
71 9628 107 59 206 
72 9617 107 66 210 
73 9604 112 61 223 
74 9595 109 65 231 
75 9581 111 68 240 
76 9572 112 66 250 
77 9556 118 70 256 
78 9543 120 72 265 
79 9533 118 73 276 
80 9524 114 78 284 
81 9507 121 76 296 
82 9498 119 75 308 
83 9482 122 80 316 
84 9466 129 79 326 
85 9450 131 82 337 
86 9440 132 79 349 
87 9421 135 82 362 
88 9398 145 85 372 
89 9384 149 84 383 
90 9372 152 80 396 
91 9355 152 88 405 
92 9335 163 83 419 
93 9322 160 90 428 
94 9308 158 90 444 
95 9295 155 93 457 
96 9277 163 93 467 
97 9260 161 103 476 
98 9241 157 109 493 
99 9221 163 114 502 
100 9203 169 110 518 
101 9183 172 111 534 
102 9167 168 115 550 
103 9141 181 118 560 
104 9123 185 113 579 
105 9107 188 103 602 
106 9093 184 107 616 
107 9072 188 112 628 
108 9052 189 114 645 
109 9032 189 114 665 
110 9013 190 119 678 
111 8987 196 125 692 
112 8968 199 128 705 
113 8942 199 136 723 
114 8920 203 137 740 
115 8901 206 134 759 
116 8878 215 128 779 
117 8864 208 131 797 
118 8842 210 131 817 
119 8823 209 135 833 
120 8811 202 128 859 
121 8786 201 136 877 
122 8760 208 139 893 
123 8741 201 151 907 
124 8711 209 152 928 
125 8689 212 151 948 
126 8661 217 154 968 
127 8641 223 149 987 
128 8616 226 145 1013 
129 8600 223 145 1032 
130 8577 234 131 1058 
131 8548 238 134 1080 
132 8525 235 141 1099 
133 8496 245 137 1122 
134 8469 242 153 1136 
135 8440 249 153 1158 
136 8414 247 162 1177 
137 8392 249 170 1189 
138 8365 251 170 1214 
139 8351 249 160 1240 
140 8329 248 164 1259 
141 8311 237 163 1289 
142 8285 240 164 1311 
143 8250 246 165 1339 
144 8214 255 172 1359 
145 8183 257 176 1384 
146 8159 255 186 1400 
147 8133 259 185 1423 
148 8105 260 183 1452 
149 8080 271 174 1475 
150 8060 269 167 1504 
151 8028 283 158 1531 
152 8010 275 155 1560 
153 7984 266 164 1586 
154 7960 254 178 1608 
155 7931 252 182 1635 
156 7902 257 192 1649 
157 7871 262 196 1671 
158 7851 254 206 1689 
159 7832 248 205 1715 
160 7801 259 190 1750 
161 7776 252 186 1786 
162 7746 264 173 1817 
163 7722 262 175 1841 
164 7698 262 173 1867 
165 7677 254 174 1895 
166 7656 246 178 1920 
167 7633 238 189 1940 
168 7607 244 177 1972 
169 7577 255 178 1990 
170 7559 242 183 2016 
171 7531 245 184 2040 
172 7509 237 185 2069 
173 7488 234 180 2098 
174 7470 228 173 2129 
175 7437 240 174 2149 
176 7411 245 176 2168 
177 7393 240 168 2199 
178 7374 233 169 2224 
179 7348 229 169 2254 
180 7328 231 163 2278 
181 7310 221 167 2302 
182 7297 212 168 2323 
183 7271 217 168 2344 
184 7244 226 163 2367 
185 7223 214 170 2393 
186 7203 208 166 2423 
187 7178 215 166 2441 
188 7163 211 157 2469 
189 7150 198 161 2491 
190 7120 208 160 2512 
191 7097 213 160 2530 
192 7080 217 140 2563 
193 7065 206 140 2589 
194 7050 194 149 2607 
195 7025 198 151 2626 
196 6998 205 145 2652 
197 6976 202 150 2672 
198 6959 204 147 2690 
199 6939 211 147 2703 
200 6928 192 151 2729 
201 6905 192 147 2756 
202 6886 194 143 2777 
203 6870 195 138 2797 
204 6856 194 128 2822 
205 6842 183 138 2837 
206 6827 171 152 2850 
207 6802 174 144 2880 
208 6784 175 138 2903 
209 6773 166 141 2920 
210 6752 176 137 2935 
211 6739 166 145 2950 
212 6725 161 139 2975 
213 6709 161 128 3002 
214 6697 159 120 3024 
215 6687 155 117 3041 
216 6680 147 112 3061 
217 6675 127 126 3072 
218 6658 126 121 3095 
219 6643 130 113 3114 
220 6638 114 118 3130 
221 6627 112 117 3144 
222 6618 107 117 3158 
223 6604 105 118 3173 
224 6591 106 105 3198 
225 6581 106 97 3216 
226 6576 104 93 3227 
227 6565 110 77 3248 
228 6556 102 81 3261 
229 6548 95 82 3275 
230 6540 98 71 3291 
231 6537 90 70 3303 
232 6528 90 69 3313 
233 6521 83 76 3320 
234 6510 81 84 3325 
235 6503 78 77 3342 
236 6495 81 67 3357 
237 6489 76 73 3362 
238 6483 73 71 3373 
239 6471 77 70 3382 
240 6467 73 64 3396 
241 6461 76 54 3409 
242 6458 70 53 3419 
243 6453 68 55 3424 
244 6449 61 55 3435 
245 6444 59 53 3444 
246 6438 57 53 3452 
247 6437 52 51 3460 
248 6427 56 54 3463 
249 6424 47 57 3472 
250 6420 47 54 3479 
251 6413 48 49 3490 
252 6409 49 45 3497 
253 6405 48 42 3505 
254 6399 50 40 3511 
255 6397 47 39 3517 
256 6394 44 33 3529 
257 6388 49 30 3533 
258 6384 43 34 3539 
259 6380 44 34 3542 
260 6379 41 33 3547 
261 6375 38 36 3551 
262 6372 37 35 3556 
263 6371 34 33 3562 
264 6369 30 38 3563 
265 6367 30 30 3573 
266 6364 30 30 3576 
267 6363 25 32 3580 
268 6359 25 29 3587 
269 6354 26 29 3591 
270 6353 26 26 3595 
271 6350 25 24 3601 
272 6347 25 25 3603 
273 6346 25 23 3606 
274 6344 25 19 3612 
275 6341 26 17 3616 
276 6339 25 16 3620 
277 6336 27 16 3621 
278 6335 24 16 3625 
279 6334 20 18 3628 
280 6334 19 18 3629 
281 6333 17 19 3631 
282 6333 14 20 3633 
283 6330 16 18 3636 
284 6328 16 19 3637 
285 6325 16 18 3641 
286 6323 16 15 3646 
287 6319 17 17 3647 
288 6318 17 15 3650 
289 6316 18 13 3653 
290 6315 19 12 3654 
291 6311 22 11 3656 
292 6311 22 8 3659 
293 6311 19 9 3661 
294 6311 17 8 3664 
295 6310 15 10 3665 
296 6308 15 11 3666 
297 6308 11 15 3666 
298 6307 11 15 3667 
299 6305 11 17 3667 
300 6303 12 15 3670 
301 6301 10 17 3672 
302 6297 14 14 3675 
303 6297 14 12 3677 
304 6294 17 8 3681 
305 6294 16 8 3682 
306 6294 14 8 3684 
307 6293 15 7 3685 
308 6293 14 4 3689 
309 6291 14 6 3689 
310 6290 13 8 3689 
311 6290 11 10 3689 
312 6289 8 13 3690 
313 6288 9 11 3692 
314 6288 6 14 3692 
315 6287 7 13 3693 
316 6287 7 11 3695 
317 6287 6 10 3697 
318 6286 7 8 3699 
319 6285 6 6 3703 
320 6285 5 7 3703 
321 6284 6 4 3706 
322 6283 6 5 3706 
323 6283 5 6 3706 
324 6282 6 5 3707 
325 6282 5 6 3707 
326 6281 6 4 3709 
327 6281 6 3 3710 
328 6281 5 4 3710 
329 6281 4 4 3711 
330 6281 4 3 3712 
331 6280 4 4 3712 
332 6279 4 4 3713 
333 6279 4 4 3713 
334 6279 3 5 3713 
335 6279 3 4 3714 
336 6279 2 4 3715 
337 6279 2 4 3715 
338 6279 2 3 3716 
339 6279 2 2 3717 
340 6279 2 2 3717 
341 6279 1 2 3718 
342 6279 0 3 3718 
343 6279 0 2 3719 
344 6279 0 2 3719 
345 6279 0 2 3719 
346 6279 0 2 3719 
347 6279 0 2 3719 
348 6279 0 1 3720 
349 6279 0 0 3721 
350 6279 0 0 3721 
351 6279 0 0 3721 
352 6279 0 0 3721 
353 6279 0 0 3721 
354 6279 0 0 3721 
355 6279 0 0 3721 
356 6279 0 0 3721 
357 6279 0 0 3721 
358 6279 0 0 3721 
359 6279 0 0 3721 
360 6279 0 0 3721 
361 6279 0 0 3721 
