0 9995 4 1 0 
1 9995 4 1 0 
2 9994 5 1 0 
3 9991 8 1 0 
4 9991 8 1 0 
5 9990 9 1 0 
6 9989 10 1 0 
7 9989 10 1 0 
8 9989 10 0 1 
9 9989 10 0 1 
10 9989 10 0 1 
11 9989 6 4 1 
12 9987 7 5 1 
13 9984 7 8 1 
14 9979 12 8 1 
15 9975 15 9 1 
16 9970 19 10 1 
17 9966 23 10 1 
18 9962 27 6 5 
19 9962 27 5 6 
20 9961 28 2 9 
21 9961 28 2 9 
22 9961 26 3 10 
23 9961 23 5 11 
24 9960 19 10 11 
25 9954 21 14 11 
26 9946 24 19 11 
27 9935 31 23 11 
28 9928 34 27 11 
29 9920 42 25 13 
30 9912 49 23 16 
31 9910 51 18 21 
32 9909 52 14 25 
33 9906 55 9 30 
34 9905 55 6 34 
35 9905 49 8 38 
36 9900 46 16 38 
37 9893 42 26 39 
38 9891 37 33 39 
39 9884 36 41 39 
40 9869 43 49 39 
41 9849 61 50 40 
42 9837 72 45 46 
43 9832 74 40 54 
44 9824 81 30 65 
45 9819 86 23 72 
46 9817 83 20 80 
47 9814 79 19 88 
48 9810 81 19 90 
49 9804 80 25 91 
50 9796 73 37 94 
51 9789 60 56 95 
52 9774 63 68 95 
53 9759 73 68 100 
54 9749 75 69 107 
55 9740 79 72 109 
56 9729 88 67 116 
57 9719 95 55 131 
58 9712 98 39 151 
59 9704 100 33 163 
60 9700 96 36 168 
61 9692 97 35 176 
62 9686 88 45 181 
63 9673 86 58 183 
64 9659 90 65 186 
65 9641 99 70 190 
66 9629 100 75 196 
67 9605 114 77 204 
68 9588 124 77 211 
69 9571 133 70 226 
70 9561 139 59 241 
71 9552 140 57 251 
72 9540 146 54 260 
73 9530 143 56 271 
74 9513 146 60 281 
75 9504 137 71 288 
76 9482 147 75 296 
77 9464 141 95 300 
78 9440 148 104 308 
79 9410 161 115 314 
80 9390 171 112 327 
81 9368 184 107 341 
82 9343 197 101 359 
83 9321 209 99 371 
84 9308 205 92 395 
85 9291 213 84 412 
86 9273 209 89 429 
87 9256 208 97 439 
88 9237 203 112 448 
89 9208 202 130 460 
90 9179 211 140 470 
91 9153 215 145 487 
92 9129 214 161 496 
93 9097 224 161 518 
94 9060 248 156 536 
95 9025 266 149 560 
96 9000 273 137 590 
97 8982 274 134 610 
98 8962 275 131 632 
99 8943 265 135 657 
100 8910 269 142 679 
101 8882 271 155 692 
102 8852 277 162 709 
103 8830 267 176 727 
104 8785 275 196 744 
105 8745 280 212 763 
106 8711 289 208 792 
107 8671 311 197 821 
108 8638 324 191 847 
109 8608 335 186 871 
110 8576 334 187 903 
111 8548 334 178 940 
112 8521 331 173 975 
113 8490 340 170 1000 
114 8456 329 197 1018 
115 8418 327 217 1038 
116 8379 332 232 1057 
117 8336 335 239 1090 
118 8292 346 244 1118 
119 8252 356 244 1148 
120 8214 362 254 1170 
121 8173 375 237 1215 
122 8144 377 224 1255 
123 8118 372 221 1289 
124 8082 374 215 1329 
125 8056 362 220 1362 
126 8009 370 229 1392 
127 7968 368 240 1424 
128 7931 361 256 1452 
129 7889 363 269 1479 
130 7843 371 276 1510 
131 7809 364 283 1544 
132 7763 381 274 1582 
133 7737 381 261 1621 
134 7699 383 254 1664 
135 7656 400 236 1708 
136 7630 379 243 1748 
137 7581 387 246 1786 
138 7537 394 242 1827 
139 7494 395 255 1856 
140 7450 393 275 1882 
141 7400 409 273 1918 
142 7370 393 293 1944 
143 7319 418 272 1991 
144 7283 416 269 2032 
145 7233 423 275 2069 
146 7199 431 259 2111 
147 7167 414 262 2157 
148 7118 419 272 2191 
149 7076 418 269 2237 
150 7036 414 287 2263 
151 6998 402 299 2301 
152 6949 421 286 2344 
153 6915 404 311 2370 
154 6873 410 298 2419 
155 6832 401 304 2463 
156 6796 403 295 2506 
157 6756 411 283 2550 
158 6712 406 282 2600 
159 6671 405 294 2630 
160 6636 400 283 2681 
161 6599 399 285 2717 
162 6568 381 284 2767 
163 6538 377 284 2801 
164 6496 377 294 2833 
165 6470 362 286 2882 
166 6436 360 280 2924 
167 6398 358 280 2964 
168 6357 355 286 3002 
169 6322 349 278 3051 
170 6282 354 279 3085 
171 6249 350 274 3127 
172 6214 354 264 3168 
173 6178 360 258 3204 
174 6154 342 260 3244 
175 6122 348 242 3288 
176 6088 348 235 3329 
177 6065 333 238 3364 
178 6031 326 242 3401 
179 6007 315 246 3432 
180 5980 302 256 3462 
181 5947 302 247 3504 
182 5917 297 256 3530 
183 5885 293 258 3564 
184 5850 304 244 3602 
185 5829 293 235 3643 
186 5802 286 234 3678 
187 5781 284 217 3718 
188 5755 276 218 3751 
189 5729 278 207 3786 
190 5712 268 198 3822 
191 5699 248 207 3846 
192 5679 238 205 3878 
193 5659 226 203 3912 
194 5627 223 215 3935 
195 5605 224 202 3969 
196 5589 213 205 3993 
197 5574 207 199 4020 
198 5558 197 192 4053 
199 5539 190 188 4083 
200 5519 193 173 4115 
201 5505 194 151 4150 
202 5495 184 150 4171 
203 5481 178 143 4198 
204 5470 157 154 4219 
205 5458 147 150 4245 
206 5440 149 140 4271 
207 5425 149 138 4288 
208 5417 141 141 4301 
209 5406 133 140 4321 
210 5394 125 140 4341 
211 5384 121 122 4373 
212 5369 126 110 4395 
213 5362 119 108 4411 
214 5348 122 104 4426 
215 5343 115 100 4442 
216 5339 101 99 4461 
217 5330 95 94 4481 
218 5319 98 88 4495 
219 5316 90 89 4505 
220 5306 88 87 4519 
221 5295 89 86 4530 
222 5288 81 89 4542 
223 5280 82 78 4560 
224 5269 79 77 4575 
225 5261 82 74 4583 
226 5254 85 67 4594 
227 5248 82 64 4606 
228 5241 78 65 4616 
229 5238 78 53 4631 
230 5236 70 56 4638 
231 5231 64 53 4652 
232 5224 64 55 4657 
233 5221 59 59 4661 
234 5219 50 61 4670 
235 5214 47 58 4681 
236 5211 43 62 4684 
237 5204 44 58 4694 
238 5197 44 54 4705 
239 5194 44 50 4712 
240 5192 44 44 4720 
241 5189 42 38 4731 
242 5187 37 37 4739 
243 5186 35 33 4746 
244 5182 37 29 4752 
245 5181 33 27 4759 
246 5178 33 27 4762 
247 5176 28 32 4764 
248 5173 24 34 4769 
249 5168 26 30 4776 
250 5165 27 29 4779 
251 5163 26 30 4781 
252 5162 25 27 4786 
253 5161 25 25 4789 
254 5160 22 22 4796 
255 5158 23 16 4803 
256 5157 21 16 4806 
257 5154 22 16 4808 
258 5152 21 16 4811 
259 5149 19 19 4813 
260 5147 18 21 4814 
261 5144 19 19 4818 
262 5141 21 19 4819 
263 5141 20 17 4822 
264 5139 21 16 4824 
265 5138 20 15 4827 
266 5137 20 11 4832 
267 5134 20 11 4835 
268 5133 19 11 4837 
269 5131 18 13 4838 
270 5131 16 14 4839 
271 5131 13 16 4840 
272 5130 11 17 4842 
273 5127 14 16 4843 
274 5125 14 15 4846 
275 5123 15 14 4848 
276 5122 15 12 4851 
277 5121 13 13 4853 
278 5120 13 11 4856 
279 5119 12 10 4859 
280 5118 13 10 4859 
281 5117 14 8 4861 
282 5117 13 8 4862 
283 5117 10 10 4863 
284 5117 8 9 4866 
285 5116 7 10 4867 
286 5116 6 9 4869 
287 5116 5 10 4869 
288 5114 6 11 4869 
289 5113 6 11 4870 
290 5112 6 9 4873 
291 5111 6 8 4875 
292 5109 8 6 4877 
293 5108 9 5 4878 
294 5108 9 4 4879 
295 5108 8 4 4880 
296 5108 8 3 4881 
297 5108 8 2 4882 
298 5108 6 3 4883 
299 5107 6 4 4883 
300 5107 5 5 4883 
301 5104 7 6 4883 
302 5104 5 7 4884 
303 5102 6 8 4884 
304 5102 6 8 4884 
305 5102 6 6 4886 
306 5102 6 5 4887 
307 5102 6 4 4888 
308 5102 6 3 4889 
309 5102 5 2 4891 
310 5102 5 1 4892 
311 5102 2 4 4892 
312 5101 3 4 4892 
313 5100 2 6 4892 
314 5100 2 6 4892 
315 5100 2 6 4892 
316 5099 3 5 4893 
317 5099 3 5 4893 
318 5098 4 2 4896 
319 5098 4 2 4896 
320 5098 4 0 4898 
321 5098 4 0 4898 
322 5098 3 1 4898 
323 5098 2 2 4898 
324 5097 3 2 4898 
325 5096 4 2 4898 
326 5096 3 3 4898 
327 5094 5 3 4898 
328 5094 4 4 4898 
329 5093 5 3 4899 
330 5093 5 2 4900 
331 5093 5 2 4900 
332 5093 5 2 4900 
333 5093 5 1 4901 
334 5093 4 2 4901 
335 5093 3 2 4902 
336 5093 3 2 4902 
337 5093 1 4 4902 
338 5092 2 4 4902 
339 5091 2 5 4902 
340 5091 2 5 4902 
341 5091 2 4 4903 
342 5090 3 3 4904 
343 5090 3 3 4904 
344 5090 3 1 4906 
345 5090 3 1 4906 
346 5090 3 0 4907 
347 5090 3 0 4907 
348 5090 2 1 4907 
349 5090 1 2 4907 
350 5090 1 2 4907 
351 5090 1 2 4907 
352 5090 0 3 4907 
353 5090 0 3 4907 
354 5090 0 3 4907 
355 5090 0 2 4908 
356 5090 0 1 4909 
357 5090 0 1 4909 
358 5090 0 1 4909 
359 5090 0 0 4910 
360 5090 0 0 4910 
361 5090 0 0 4910 
362 5090 0 0 4910 
363 5090 0 0 4910 
364 5090 0 0 4910 
365 5090 0 0 4910 
366 5090 0 0 4910 
367 5090 0 0 4910 
368 5090 0 0 4910 
369 5090 0 0 4910 
370 5090 0 0 4910 
371 5090 0 0 4910 
