0 9995 3 2 0 
1 9994 4 2 0 
2 9990 8 2 0 
3 9990 8 2 0 
4 9989 9 2 0 
5 9989 9 2 0 
6 9988 10 2 0 
7 9987 11 2 0 
8 9987 11 0 2 
9 9987 11 0 2 
10 9987 11 0 2 
11 9987 7 4 2 
12 9986 4 8 2 
13 9979 11 8 2 
14 9975 14 9 2 
15 9972 17 9 2 
16 9968 20 10 2 
17 9962 25 11 2 
18 9962 25 7 6 
19 9961 26 3 10 
20 9961 26 3 10 
21 9960 27 2 11 
22 9960 26 3 11 
23 9960 19 9 12 
24 9958 17 12 13 
25 9950 22 15 13 
26 9942 26 19 13 
27 9937 25 25 13 
28 9926 36 25 13 
29 9922 39 25 14 
30 9914 47 18 21 
31 9913 47 15 25 
32 9912 48 12 28 
33 9910 50 8 32 
34 9908 50 4 38 
35 9908 42 12 38 
36 9898 44 19 39 
37 9889 48 24 39 
38 9877 49 34 40 
39 9867 55 38 40 
40 9858 56 46 40 
41 9848 65 45 42 
42 9839 73 38 50 
43 9834 76 32 58 
44 9825 83 29 63 
45 9822 86 18 74 
46 9819 79 24 78 
47 9814 75 25 86 
48 9807 70 36 87 
49 9794 73 45 88 
50 9780 78 52 90 
51 9769 79 60 92 
52 9753 86 69 92 
53 9735 99 64 102 
54 9721 104 64 111 
55 9708 114 55 123 
56 9697 122 48 133 
57 9685 129 44 142 
58 9674 133 41 152 
59 9665 129 45 161 
60 9646 134 54 166 
61 9629 140 56 175 
62 9616 137 69 178 
63 9597 138 84 181 
64 9574 147 93 186 
65 9555 153 99 193 
66 9541 156 97 206 
67 9513 172 95 220 
68 9482 192 95 231 
69 9455 210 88 247 
70 9440 206 89 265 
71 9418 211 92 279 
72 9398 218 92 292 
73 9374 223 100 303 
74 9351 223 111 315 
75 9322 233 119 326 
76 9304 237 124 335 
77 9276 237 133 354 
78 9244 238 147 371 
79 9206 249 161 384 
80 9165 275 157 403 
81 9141 277 156 426 
82 9100 298 157 445 
83 9064 310 167 459 
84 9041 310 162 487 
85 9006 316 160 518 
86 8970 334 151 545 
87 8937 339 164 560 
88 8906 338 174 582 
89 8863 343 192 602 
90 8810 355 209 626 
91 8775 366 210 649 
92 8724 376 222 678 
93 8675 389 240 696 
94 8631 410 235 724 
95 8582 424 238 756 
96 8538 432 236 794 
97 8499 438 228 835 
98 8456 450 235 859 
99 8410 453 237 900 
100 8355 455 254 936 
101 8290 485 266 959 
102 8231 493 282 994 
103 8170 505 295 1030 
104 8105 526 306 1063 
105 8043 539 324 1094 
106 7978 560 325 1137 
107 7915 584 311 1190 
108 7850 606 319 1225 
109 7790 620 314 1276 
110 7730 625 320 1325 
111 7667 623 341 1369 
112 7587 644 351 1418 
113 7521 649 368 1462 
114 7444 661 394 1501 
115 7360 683 413 1544 
116 7277 701 432 1590 
117 7207 708 440 1645 
118 7139 711 440 1710 
119 7070 720 441 1769 
120 6988 742 440 1830 
121 6921 746 438 1895 
122 6848 739 456 1957 
123 6771 750 457 2022 
124 6685 759 471 2085 
125 6595 765 490 2150 
126 6500 777 513 2210 
127 6416 791 523 2270 
128 6346 793 528 2333 
129 6260 810 517 2413 
130 6171 817 533 2479 
131 6088 833 523 2556 
132 6001 847 512 2640 
133 5925 846 506 2723 
134 5849 836 522 2793 
135 5770 825 544 2861 
136 5692 808 570 2930 
137 5583 833 572 3012 
138 5505 841 575 3079 
139 5430 830 588 3152 
140 5349 822 600 3229 
141 5273 815 597 3315 
142 5200 801 594 3405 
143 5130 795 575 3500 
144 5057 792 567 3584 
145 4987 783 576 3654 
146 4910 782 568 3740 
147 4846 737 588 3829 
148 4771 734 583 3912 
149 4706 724 571 3999 
150 4642 707 576 4075 
151 4575 698 576 4151 
152 4516 684 570 4230 
153 4462 668 562 4308 
154 4411 646 526 4417 
155 4341 646 518 4495 
156 4290 620 520 4570 
157 4235 611 503 4651 
158 4184 587 502 4727 
159 4135 571 494 4800 
160 4079 563 488 4870 
161 4026 549 482 4943 
162 3989 527 471 5013 
163 3943 519 448 5090 
164 3898 513 435 5154 
165 3858 483 430 5229 
166 3808 482 416 5294 
167 3763 472 407 5358 
168 3731 453 391 5425 
169 3696 439 381 5484 
170 3670 409 383 5538 
171 3642 384 385 5589 
172 3603 386 352 5659 
173 3574 369 347 5710 
174 3552 346 337 5765 
175 3531 327 326 5816 
176 3515 293 327 5865 
177 3490 273 316 5921 
178 3469 262 295 5974 
179 3451 245 293 6011 
180 3437 233 273 6057 
181 3422 220 256 6102 
182 3403 200 255 6142 
183 3388 186 234 6192 
184 3378 174 211 6237 
185 3374 157 200 6269 
186 3361 154 181 6304 
187 3349 141 180 6330 
188 3340 129 173 6358 
189 3327 124 152 6397 
190 3320 117 137 6426 
191 3317 105 130 6448 
192 3309 94 128 6469 
193 3305 83 127 6485 
194 3295 83 112 6510 
195 3293 81 95 6531 
196 3289 72 90 6549 
197 3287 62 88 6563 
198 3285 55 82 6578 
199 3281 46 76 6597 
200 3275 45 68 6612 
201 3269 48 61 6622 
202 3265 44 65 6626 
203 3261 44 56 6639 
204 3260 35 54 6651 
205 3259 34 47 6660 
206 3257 32 38 6673 
207 3256 31 33 6680 
208 3255 30 32 6683 
209 3254 27 28 6691 
210 3254 21 30 6695 
211 3253 16 26 6705 
212 3252 13 28 6707 
213 3250 11 28 6711 
214 3248 12 27 6713 
215 3248 11 26 6715 
216 3248 9 24 6719 
217 3248 8 19 6725 
218 3248 7 14 6731 
219 3248 6 11 6735 
220 3248 6 7 6739 
221 3248 5 7 6740 
222 3247 5 7 6741 
223 3247 3 7 6743 
224 3246 2 8 6744 
225 3245 3 7 6745 
226 3243 5 6 6746 
227 3243 5 6 6746 
228 3243 5 5 6747 
229 3243 5 4 6748 
230 3243 5 2 6750 
231 3243 5 0 6752 
232 3243 4 1 6752 
233 3243 4 1 6752 
234 3243 3 2 6752 
235 3243 2 3 6752 
236 3243 0 5 6752 
237 3243 0 5 6752 
238 3243 0 5 6752 
239 3243 0 4 6753 
240 3243 0 4 6753 
241 3243 0 3 6754 
242 3243 0 2 6755 
243 3243 0 0 6757 
244 3243 0 0 6757 
245 3243 0 0 6757 
246 3243 0 0 6757 
247 3243 0 0 6757 
248 3243 0 0 6757 
249 3243 0 0 6757 
250 3243 0 0 6757 
251 3243 0 0 6757 
252 3243 0 0 6757 
253 3243 0 0 6757 
254 3243 0 0 6757 
255 3243 0 0 6757 
