0 9998 0 2 0 
1 9998 0 2 0 
2 9996 2 2 0 
3 9996 2 2 0 
4 9995 3 2 0 
5 9994 4 2 0 
6 9994 4 2 0 
7 9992 6 2 0 
8 9992 6 0 2 
9 9992 6 0 2 
10 9992 6 0 2 
11 9992 6 0 2 
12 9992 4 2 2 
13 9992 4 2 2 
14 9991 4 3 2 
15 9990 4 4 2 
16 9989 5 4 2 
17 9988 4 6 2 
18 9983 9 6 2 
19 9981 11 4 4 
20 9979 13 4 4 
21 9979 13 3 5 
22 9976 16 2 6 
23 9976 16 2 6 
24 9975 16 1 8 
25 9975 15 2 8 
26 9975 14 3 8 
27 9970 18 4 8 
28 9970 13 9 8 
29 9964 17 11 8 
30 9959 20 13 8 
31 9953 26 12 9 
32 9948 28 14 10 
33 9947 29 13 11 
34 9945 30 13 12 
35 9944 31 8 17 
36 9942 33 6 19 
37 9939 31 9 21 
38 9936 34 9 21 
39 9932 32 12 24 
40 9928 31 17 24 
41 9925 28 22 25 
42 9920 28 27 25 
43 9907 40 28 25 
44 9901 44 25 30 
45 9896 48 26 30 
46 9891 51 22 36 
47 9885 54 20 41 
48 9879 57 17 47 
49 9876 56 16 52 
50 9868 60 19 53 
51 9865 60 20 55 
52 9861 59 24 56 
53 9855 52 35 58 
54 9840 61 38 61 
55 9832 64 40 64 
56 9821 70 41 68 
57 9810 75 43 72 
58 9798 81 46 75 
59 9792 84 44 80 
60 9780 88 39 93 
61 9765 100 36 99 
62 9761 100 35 104 
63 9749 106 36 109 
64 9744 96 45 115 
65 9727 105 47 121 
66 9711 110 55 124 
67 9698 112 58 132 
68 9690 108 67 135 
69 9670 122 69 139 
70 9653 127 75 145 
71 9639 126 75 160 
72 9622 139 71 168 
73 9603 146 72 179 
74 9589 155 66 190 
75 9583 144 71 202 
76 9567 144 81 208 
77 9547 151 82 220 
78 9531 159 75 235 
79 9508 162 91 239 
80 9491 162 96 251 
81 9468 171 105 256 
82 9448 174 105 273 
83 9429 174 108 289 
84 9410 179 109 302 
85 9390 193 107 310 
86 9375 192 103 330 
87 9346 201 106 347 
88 9325 206 108 361 
89 9302 206 114 378 
90 9274 217 112 397 
91 9250 218 121 411 
92 9226 222 135 417 
93 9201 228 138 433 
94 9168 242 137 453 
95 9145 245 141 469 
96 9111 264 133 492 
97 9081 265 145 509 
98 9051 274 143 532 
99 9029 273 146 552 
100 8993 281 155 571 
101 8959 291 160 590 
102 8920 306 164 610 
103 8880 321 174 625 
104 8841 327 178 654 
105 8819 326 180 675 
106 8784 327 191 698 
107 8741 340 193 726 
108 8710 341 199 750 
109 8673 356 197 774 
110 8641 352 208 799 
111 8601 358 209 832 
112 8560 360 225 855 
113 8517 363 231 889 
114 8474 367 240 919 
115 8429 390 232 949 
116 8389 395 245 971 
117 8348 393 252 1007 
118 8307 403 249 1041 
119 8259 414 247 1080 
120 8222 419 239 1120 
121 8175 426 240 1159 
122 8139 421 259 1181 
123 8075 442 267 1216 
124 8023 451 267 1259 
125 7968 461 281 1290 
126 7912 477 284 1327 
127 7866 482 293 1359 
128 7817 490 294 1399 
129 7760 499 301 1440 
130 7706 516 295 1483 
131 7658 517 299 1526 
132 7615 524 290 1571 
133 7565 510 314 1611 
134 7516 507 325 1652 
135 7459 509 339 1693 
136 7404 508 347 1741 
137 7341 525 356 1778 
138 7287 530 358 1825 
139 7234 526 379 1861 
140 7165 541 369 1925 
141 7106 552 365 1977 
142 7059 556 353 2032 
143 7001 564 347 2088 
144 6949 567 350 2134 
145 6906 553 358 2183 
146 6859 545 356 2240 
147 6804 537 365 2294 
148 6749 538 371 2342 
149 6679 555 381 2385 
150 6618 547 400 2435 
151 6565 541 410 2484 
152 6509 550 400 2541 
153 6454 547 403 2596 
154 6420 529 392 2659 
155 6370 536 381 2713 
156 6318 541 375 2766 
157 6269 535 361 2835 
158 6225 524 357 2894 
159 6176 503 380 2941 
160 6123 495 383 2999 
161 6077 488 384 3051 
162 6042 467 397 3094 
163 6002 452 405 3141 
164 5965 455 384 3196 
165 5930 440 379 3251 
166 5885 433 361 3321 
167 5835 434 349 3382 
168 5796 429 340 3435 
169 5764 412 333 3491 
170 5734 389 331 3546 
171 5697 380 343 3580 
172 5669 373 328 3630 
173 5623 379 316 3682 
174 5586 379 304 3731 
175 5562 368 295 3775 
176 5540 345 291 3824 
177 5513 322 288 3877 
178 5492 304 281 3923 
179 5472 292 278 3958 
180 5450 284 268 3998 
181 5425 272 268 4035 
182 5401 268 261 4070 
183 5379 244 262 4115 
184 5362 224 249 4165 
185 5342 220 234 4204 
186 5321 219 224 4236 
187 5303 210 221 4266 
188 5289 203 205 4303 
189 5270 202 197 4331 
190 5255 195 173 4377 
191 5243 182 161 4414 
192 5234 167 161 4438 
193 5223 156 161 4460 
194 5211 151 151 4487 
195 5194 148 150 4508 
196 5188 133 151 4528 
197 5166 137 147 4550 
198 5158 131 136 4575 
199 5152 118 131 4599 
200 5145 110 124 4621 
201 5135 108 119 4638 
202 5132 102 108 4658 
203 5128 95 98 4679 
204 5123 88 92 4697 
205 5119 75 95 4711 
206 5111 77 82 4730 
207 5104 62 89 4745 
208 5100 58 85 4757 
209 5095 57 82 4766 
210 5092 53 78 4777 
211 5088 47 76 4789 
212 5086 46 62 4806 
213 5084 44 60 4812 
214 5081 42 43 4834 
215 5079 40 39 4842 
216 5078 33 41 4848 
217 5074 30 41 4855 
218 5074 26 35 4865 
219 5073 22 37 4868 
220 5071 21 36 4872 
221 5065 23 35 4877 
222 5064 22 33 4881 
223 5063 21 27 4889 
224 5063 18 23 4896 
225 5060 19 21 4900 
226 5059 19 17 4905 
227 5058 16 18 4908 
228 5057 17 14 4912 
229 5057 16 13 4914 
230 5055 16 13 4916 
231 5055 10 16 4919 
232 5054 10 15 4921 
233 5053 10 15 4922 
234 5053 10 11 4926 
235 5053 7 14 4926 
236 5052 7 14 4927 
237 5052 6 13 4929 
238 5052 5 8 4935 
239 5052 5 7 4936 
240 5052 3 8 4937 
241 5052 3 8 4937 
242 5052 2 6 4940 
243 5052 1 6 4941 
244 5052 1 5 4942 
245 5052 1 4 4943 
246 5052 0 5 4943 
247 5051 1 3 4945 
248 5050 2 3 4945 
249 5050 2 2 4946 
250 5050 2 1 4947 
251 5050 2 1 4947 
252 5050 2 1 4947 
253 5050 2 0 4948 
254 5050 2 0 4948 
255 5050 2 0 4948 
256 5050 2 0 4948 
257 5050 1 1 4948 
258 5050 0 2 4948 
259 5050 0 2 4948 
260 5050 0 2 4948 
261 5050 0 2 4948 
262 5050 0 2 4948 
263 5050 0 2 4948 
264 5050 0 1 4949 
265 5050 0 0 4950 
266 5050 0 0 4950 
267 5050 0 0 4950 
268 5050 0 0 4950 
269 5050 0 0 4950 
270 5050 0 0 4950 
271 5050 0 0 4950 
272 5050 0 0 4950 
273 5050 0 0 4950 
274 5050 0 0 4950 
275 5050 0 0 4950 
276 5050 0 0 4950 
277 5050 0 0 4950 
