0 9998 0 2 0 
1 9996 2 2 0 
2 9995 3 2 0 
3 9994 4 2 0 
4 9993 5 2 0 
5 9992 6 2 0 
6 9992 6 2 0 
7 9991 7 2 0 
8 9991 7 0 2 
9 9991 7 0 2 
10 9991 7 0 2 
11 9991 5 2 2 
12 9991 4 3 2 
13 9990 4 4 2 
14 9986 7 5 2 
15 9983 9 6 2 
16 9981 11 6 2 
17 9981 10 7 2 
18 9974 17 5 4 
19 9974 17 4 5 
20 9974 17 3 6 
21 9974 17 2 7 
22 9974 17 1 8 
23 9974 16 2 8 
24 9974 12 5 9 
25 9971 12 8 9 
26 9966 15 10 9 
27 9962 19 10 9 
28 9958 16 17 9 
29 9953 21 17 9 
30 9950 24 16 10 
31 9945 29 12 14 
32 9943 31 9 17 
33 9940 34 7 19 
34 9940 34 7 19 
35 9938 33 3 26 
36 9938 28 8 26 
37 9933 29 12 26 
38 9929 29 16 26 
39 9927 26 21 26 
40 9918 32 24 26 
41 9907 38 29 26 
42 9902 41 28 29 
43 9897 43 26 34 
44 9887 53 22 38 
45 9882 56 20 42 
46 9876 62 15 47 
47 9875 58 17 50 
48 9867 62 16 55 
49 9863 64 16 57 
50 9860 58 22 60 
51 9851 56 33 60 
52 9837 65 36 62 
53 9824 73 41 62 
54 9816 71 46 67 
55 9801 81 47 71 
56 9793 83 51 73 
57 9777 98 43 82 
58 9768 99 40 93 
59 9754 109 39 98 
60 9747 113 37 103 
61 9738 113 36 113 
62 9732 105 45 118 
63 9719 105 52 124 
64 9706 110 59 125 
65 9682 119 66 133 
66 9663 130 70 137 
67 9639 138 83 140 
68 9619 149 83 149 
69 9600 154 83 163 
70 9582 165 77 176 
71 9573 165 78 184 
72 9547 185 69 199 
73 9532 187 74 207 
74 9514 192 71 223 
75 9495 187 86 232 
76 9472 191 91 246 
77 9452 187 108 253 
78 9435 184 119 262 
79 9417 183 132 268 
80 9388 194 137 281 
81 9355 218 133 294 
82 9330 217 135 318 
83 9294 238 131 337 
84 9265 249 125 361 
85 9231 264 124 381 
86 9217 255 128 400 
87 9180 272 130 418 
88 9162 273 138 427 
89 9130 287 130 453 
90 9100 288 144 468 
91 9056 299 159 486 
92 9020 310 165 505 
93 8984 310 178 528 
94 8937 328 187 548 
95 8897 334 204 565 
96 8854 363 200 583 
97 8810 370 208 612 
98 8777 385 193 645 
99 8745 385 200 670 
100 8706 394 194 706 
101 8654 402 209 735 
102 8606 414 211 769 
103 8566 418 233 783 
104 8515 422 243 820 
105 8437 460 265 838 
106 8392 462 276 870 
107 8327 483 290 900 
108 8270 507 279 944 
109 8222 523 275 980 
110 8177 529 278 1016 
111 8128 526 283 1063 
112 8074 532 291 1103 
113 8025 541 288 1146 
114 7966 549 295 1190 
115 7895 542 340 1223 
116 7819 573 353 1255 
117 7755 572 379 1294 
118 7676 594 384 1346 
119 7610 612 384 1394 
120 7545 632 389 1434 
121 7494 634 387 1485 
122 7426 648 363 1563 
123 7378 647 367 1608 
124 7319 647 361 1673 
125 7251 644 375 1730 
126 7195 624 403 1778 
127 7125 630 422 1823 
128 7050 626 452 1872 
129 6968 642 464 1926 
130 6905 640 480 1975 
131 6827 667 472 2034 
132 6750 676 469 2105 
133 6679 699 441 2181 
134 6619 700 436 2245 
135 6558 693 425 2324 
136 6488 707 415 2390 
137 6423 702 420 2455 
138 6359 691 444 2506 
139 6298 670 458 2574 
140 6224 681 473 2622 
141 6148 679 492 2681 
142 6084 666 501 2749 
143 6014 665 516 2805 
144 5948 671 506 2875 
145 5885 673 492 2950 
146 5834 654 480 3032 
147 5772 651 482 3095 
148 5704 655 468 3173 
149 5652 646 452 3250 
150 5605 619 455 3321 
151 5540 608 471 3381 
152 5483 601 474 3442 
153 5427 587 474 3512 
154 5381 567 475 3577 
155 5322 563 474 3641 
156 5276 558 464 3702 
157 5237 535 452 3776 
158 5197 507 444 3852 
159 5157 495 432 3916 
160 5118 487 409 3986 
161 5075 465 408 4052 
162 5033 450 402 4115 
163 4988 439 407 4166 
164 4949 432 391 4228 
165 4919 403 382 4296 
166 4884 392 376 4348 
167 4838 399 368 4395 
168 4806 391 343 4460 
169 4782 375 326 4517 
170 4754 364 309 4573 
171 4728 347 306 4619 
172 4703 330 289 4678 
173 4683 305 288 4724 
174 4661 288 288 4763 
175 4631 288 278 4803 
176 4615 269 273 4843 
177 4590 248 280 4882 
178 4567 239 269 4925 
179 4547 235 251 4967 
180 4527 227 234 5012 
181 4510 218 221 5051 
182 4489 214 216 5081 
183 4477 206 201 5116 
184 4464 197 177 5162 
185 4455 176 175 5194 
186 4444 171 167 5218 
187 4430 160 164 5246 
188 4418 149 161 5272 
189 4408 139 156 5297 
190 4395 132 156 5317 
191 4381 129 151 5339 
192 4372 117 142 5369 
193 4359 118 138 5385 
194 4350 114 126 5410 
195 4342 113 112 5433 
196 4337 107 103 5453 
197 4333 97 97 5473 
198 4327 91 92 5490 
199 4319 89 81 5511 
200 4314 81 82 5523 
201 4310 71 83 5536 
202 4305 67 83 5545 
203 4300 59 85 5556 
204 4294 56 80 5570 
205 4289 53 76 5582 
206 4288 49 71 5592 
207 4283 50 62 5605 
208 4281 46 54 5619 
209 4280 39 53 5628 
210 4277 37 45 5641 
211 4275 35 40 5650 
212 4273 32 37 5658 
213 4271 29 37 5663 
214 4271 23 39 5667 
215 4269 20 38 5673 
216 4266 22 31 5681 
217 4263 20 31 5686 
218 4261 20 29 5690 
219 4260 20 25 5695 
220 4260 17 23 5700 
221 4259 16 19 5706 
222 4258 15 16 5711 
223 4258 13 17 5712 
224 4258 13 12 5717 
225 4257 12 12 5719 
226 4257 9 14 5720 
227 4257 6 14 5723 
228 4255 6 14 5725 
229 4254 6 13 5727 
230 4253 7 11 5729 
231 4251 8 12 5729 
232 4250 8 11 5731 
233 4249 9 8 5734 
234 4249 9 5 5737 
235 4249 8 4 5739 
236 4249 8 3 5740 
237 4249 8 3 5740 
238 4248 7 4 5741 
239 4247 7 4 5742 
240 4246 7 5 5742 
241 4246 5 7 5742 
242 4246 4 7 5743 
243 4246 3 8 5743 
244 4245 4 8 5743 
245 4244 5 6 5745 
246 4244 5 5 5746 
247 4244 5 4 5747 
248 4244 4 3 5749 
249 4244 3 3 5750 
250 4244 2 3 5751 
251 4244 2 3 5751 
252 4244 2 3 5751 
253 4243 3 3 5751 
254 4243 2 4 5751 
255 4243 1 4 5752 
256 4243 1 3 5753 
257 4243 1 2 5754 
258 4243 1 2 5754 
259 4243 1 2 5754 
260 4243 1 2 5754 
261 4243 1 1 5755 
262 4243 1 0 5756 
263 4243 0 1 5756 
264 4242 1 1 5756 
265 4242 1 1 5756 
266 4241 2 1 5756 
267 4241 2 1 5756 
268 4241 2 1 5756 
269 4241 2 1 5756 
270 4241 2 0 5757 
271 4241 2 0 5757 
272 4241 2 0 5757 
273 4241 2 0 5757 
274 4241 1 1 5757 
275 4241 1 1 5757 
276 4241 0 2 5757 
277 4241 0 2 5757 
278 4240 1 2 5757 
279 4240 1 2 5757 
280 4240 1 2 5757 
281 4239 2 1 5758 
282 4239 2 1 5758 
283 4239 2 0 5759 
284 4239 2 0 5759 
285 4239 2 0 5759 
286 4239 2 0 5759 
287 4239 2 0 5759 
288 4239 1 1 5759 
289 4239 1 1 5759 
290 4239 1 1 5759 
291 4239 0 2 5759 
292 4238 1 2 5759 
293 4238 1 2 5759 
294 4238 1 2 5759 
295 4238 1 1 5760 
296 4238 1 1 5760 
297 4238 1 1 5760 
298 4238 1 0 5761 
299 4238 1 0 5761 
300 4238 1 0 5761 
301 4238 1 0 5761 
302 4238 0 1 5761 
303 4238 0 1 5761 
304 4237 1 1 5761 
305 4237 1 1 5761 
306 4237 1 1 5761 
307 4237 1 1 5761 
308 4237 1 1 5761 
309 4237 1 0 5762 
310 4237 1 0 5762 
311 4237 1 0 5762 
312 4237 1 0 5762 
313 4237 1 0 5762 
314 4237 0 1 5762 
315 4237 0 1 5762 
316 4237 0 1 5762 
317 4237 0 1 5762 
318 4237 0 1 5762 
319 4237 0 1 5762 
320 4237 0 1 5762 
321 4237 0 0 5763 
322 4237 0 0 5763 
323 4237 0 0 5763 
324 4237 0 0 5763 
325 4237 0 0 5763 
326 4237 0 0 5763 
327 4237 0 0 5763 
328 4237 0 0 5763 
329 4237 0 0 5763 
330 4237 0 0 5763 
331 4237 0 0 5763 
332 4237 0 0 5763 
333 4237 0 0 5763 
