0 9994 3 3 0 
1 9991 6 3 0 
2 9989 8 3 0 
3 9986 11 3 0 
4 9986 11 3 0 
5 9985 12 3 0 
6 9985 12 3 0 
7 9984 13 3 0 
8 9983 14 0 3 
9 9983 14 0 3 
10 9983 14 0 3 
11 9983 8 6 3 
12 9981 8 8 3 
13 9976 10 11 3 
14 9974 12 11 3 
15 9968 17 12 3 
16 9963 22 12 3 
17 9961 23 13 3 
18 9959 24 8 9 
19 9956 27 6 11 
20 9955 28 3 14 
21 9954 29 3 14 
22 9953 28 4 15 
23 9953 23 9 15 
24 9949 25 10 16 
25 9940 28 15 17 
26 9933 30 20 17 
27 9926 35 22 17 
28 9923 36 24 17 
29 9917 39 25 19 
30 9909 46 21 24 
31 9904 50 20 26 
32 9900 53 15 32 
33 9900 53 10 37 
34 9897 52 12 39 
35 9893 47 19 41 
36 9887 46 23 44 
37 9881 45 29 45 
38 9872 51 31 46 
39 9865 52 36 47 
40 9855 54 44 47 
41 9841 63 45 51 
42 9830 70 40 60 
43 9820 80 33 67 
44 9816 81 29 74 
45 9807 86 30 77 
46 9802 85 30 83 
47 9792 89 28 91 
48 9788 84 32 96 
49 9772 93 35 100 
50 9762 93 45 100 
51 9753 88 56 103 
52 9731 99 63 107 
53 9715 105 67 113 
54 9703 113 65 119 
55 9690 117 65 128 
56 9673 129 63 135 
57 9662 130 63 145 
58 9642 146 53 159 
59 9625 147 58 170 
60 9612 150 58 180 
61 9598 155 63 184 
62 9583 148 76 193 
63 9559 156 87 198 
64 9534 169 89 208 
65 9511 179 98 212 
66 9490 183 99 228 
67 9466 196 100 238 
68 9435 207 111 247 
69 9416 209 106 269 
70 9398 214 103 285 
71 9370 228 105 297 
72 9347 236 107 310 
73 9325 234 114 327 
74 9298 236 128 338 
75 9269 242 131 358 
76 9233 257 135 375 
77 9195 271 146 388 
78 9162 273 163 402 
79 9115 301 167 417 
80 9082 316 161 441 
81 9050 320 164 466 
82 9007 340 164 489 
83 8972 353 165 510 
84 8942 356 168 534 
85 8912 357 166 565 
86 8869 364 183 584 
87 8834 361 203 602 
88 8796 366 208 630 
89 8750 365 232 653 
90 8699 383 243 675 
91 8641 409 248 702 
92 8585 422 262 731 
93 8530 442 261 767 
94 8484 458 253 805 
95 8433 479 250 838 
96 8390 479 246 885 
97 8334 500 248 918 
98 8276 520 254 950 
99 8234 516 257 993 
100 8180 519 273 1028 
101 8125 516 301 1058 
102 8061 524 327 1088 
103 7988 542 339 1131 
104 7914 570 350 1166 
105 7843 590 363 1204 
106 7770 620 360 1250 
107 7717 617 365 1301 
108 7649 627 365 1359 
109 7576 658 351 1415 
110 7508 672 350 1470 
111 7428 697 359 1516 
112 7342 719 372 1567 
113 7276 712 402 1610 
114 7200 714 420 1666 
115 7126 717 433 1724 
116 7036 734 464 1766 
117 6927 790 463 1820 
118 6839 810 476 1875 
119 6774 802 485 1939 
120 6683 825 480 2012 
121 6587 841 486 2086 
122 6504 838 501 2157 
123 6419 857 494 2230 
124 6331 869 517 2283 
125 6236 890 523 2351 
126 6144 892 540 2424 
127 6041 886 581 2492 
128 5946 893 589 2572 
129 5839 935 568 2658 
130 5761 922 593 2724 
131 5672 915 613 2800 
132 5587 917 622 2874 
133 5486 933 617 2964 
134 5377 954 596 3073 
135 5290 946 603 3161 
136 5196 948 630 3226 
137 5100 941 642 3317 
138 5015 931 641 3413 
139 4917 922 665 3496 
140 4830 931 658 3581 
141 4753 919 659 3669 
142 4659 928 649 3764 
143 4578 908 658 3856 
144 4492 885 664 3959 
145 4397 893 656 4054 
146 4319 877 643 4161 
147 4261 839 661 4239 
148 4187 828 657 4328 
149 4109 808 670 4413 
150 4036 794 656 4514 
151 3949 804 624 4623 
152 3882 777 631 4710 
153 3828 750 618 4804 
154 3776 716 608 4900 
155 3706 691 618 4985 
156 3639 680 598 5083 
157 3567 694 569 5170 
158 3506 681 566 5247 
159 3455 654 550 5341 
160 3403 633 542 5422 
161 3355 594 543 5508 
162 3309 573 515 5603 
163 3261 567 491 5681 
164 3228 548 485 5739 
165 3194 512 481 5813 
166 3155 484 470 5891 
167 3122 445 469 5964 
168 3077 429 443 6051 
169 3035 420 427 6118 
170 3012 391 425 6172 
171 2988 367 421 6224 
172 2959 350 397 6294 
173 2928 333 378 6361 
174 2904 324 339 6433 
175 2881 313 312 6494 
176 2860 295 300 6545 
177 2835 287 281 6597 
178 2822 255 278 6645 
179 2801 234 274 6691 
180 2783 229 249 6739 
181 2765 223 240 6772 
182 2743 216 235 6806 
183 2729 199 227 6845 
184 2713 191 218 6878 
185 2701 180 196 6923 
186 2688 172 175 6965 
187 2681 154 177 6988 
188 2673 149 166 7012 
189 2661 140 158 7041 
190 2656 127 145 7072 
191 2650 115 139 7096 
192 2639 104 138 7119 
193 2631 98 131 7140 
194 2625 88 122 7165 
195 2615 86 121 7178 
196 2606 82 113 7199 
197 2598 83 102 7217 
198 2596 77 92 7235 
199 2593 68 82 7257 
200 2588 68 73 7271 
201 2583 67 63 7287 
202 2578 61 62 7299 
203 2575 56 57 7312 
204 2570 55 56 7319 
205 2564 51 58 7327 
206 2558 48 55 7339 
207 2556 42 58 7344 
208 2554 42 54 7350 
209 2552 41 46 7361 
210 2550 38 43 7369 
211 2548 35 42 7375 
212 2547 31 37 7385 
213 2545 30 31 7394 
214 2544 26 28 7402 
215 2543 21 32 7404 
216 2542 16 35 7407 
217 2542 14 32 7412 
218 2541 13 29 7417 
219 2541 11 26 7422 
220 2540 10 25 7425 
221 2539 9 22 7430 
222 2539 8 17 7436 
223 2539 6 13 7442 
224 2536 8 12 7444 
225 2536 7 11 7446 
226 2535 7 10 7448 
227 2535 7 8 7450 
228 2535 6 7 7452 
229 2535 6 6 7453 
230 2535 5 5 7455 
231 2535 4 5 7456 
232 2535 4 4 7457 
233 2535 4 3 7458 
234 2535 1 6 7458 
235 2534 2 5 7459 
236 2533 2 6 7459 
237 2533 2 5 7460 
238 2533 2 4 7461 
239 2532 3 4 7461 
240 2532 3 4 7461 
241 2532 3 1 7464 
242 2532 3 1 7464 
243 2532 3 0 7465 
244 2532 3 0 7465 
245 2532 2 1 7465 
246 2532 1 2 7465 
247 2532 1 2 7465 
248 2532 1 2 7465 
249 2532 0 3 7465 
250 2532 0 3 7465 
251 2532 0 3 7465 
252 2531 1 2 7466 
253 2531 1 1 7467 
254 2530 2 1 7467 
255 2530 2 1 7467 
256 2530 2 0 7468 
257 2530 2 0 7468 
258 2530 2 0 7468 
259 2530 2 0 7468 
260 2530 2 0 7468 
261 2530 2 0 7468 
262 2530 1 1 7468 
263 2530 1 1 7468 
264 2530 0 2 7468 
265 2530 0 2 7468 
266 2530 0 2 7468 
267 2530 0 2 7468 
268 2530 0 2 7468 
269 2530 0 1 7469 
270 2530 0 1 7469 
271 2530 0 0 7470 
272 2530 0 0 7470 
273 2530 0 0 7470 
274 2530 0 0 7470 
275 2530 0 0 7470 
276 2530 0 0 7470 
277 2530 0 0 7470 
278 2530 0 0 7470 
279 2530 0 0 7470 
280 2530 0 0 7470 
281 2530 0 0 7470 
282 2530 0 0 7470 
283 2530 0 0 7470 
