0 9993 2 5 0 
1 9988 7 5 0 
2 9983 12 5 0 
3 9983 12 5 0 
4 9982 13 5 0 
5 9980 15 5 0 
6 9978 17 5 0 
7 9977 18 5 0 
8 9975 20 0 5 
9 9975 20 0 5 
10 9975 20 0 5 
11 9975 13 7 5 
12 9970 13 12 5 
13 9962 21 12 5 
14 9961 21 13 5 
15 9957 23 15 5 
16 9949 29 17 5 
17 9948 29 18 5 
18 9944 31 13 12 
19 9941 34 8 17 
20 9938 37 8 17 
21 9935 40 7 18 
22 9933 37 10 20 
23 9929 33 16 22 
24 9920 41 16 23 
25 9917 40 18 25 
26 9911 38 26 25 
27 9897 51 27 25 
28 9892 52 31 25 
29 9885 56 29 30 
30 9880 58 24 38 
31 9875 60 26 39 
32 9871 62 24 43 
33 9867 62 20 51 
34 9863 57 28 52 
35 9857 60 27 56 
36 9845 66 30 59 
37 9839 58 41 62 
38 9824 68 43 65 
39 9809 76 48 67 
40 9797 83 49 71 
41 9782 93 45 80 
42 9776 95 46 83 
43 9759 108 44 89 
44 9752 111 34 103 
45 9746 111 35 108 
46 9739 106 40 115 
47 9728 111 41 120 
48 9717 107 51 125 
49 9704 105 62 129 
50 9682 115 70 133 
51 9663 119 81 137 
52 9641 135 81 143 
53 9624 135 86 155 
54 9604 148 87 161 
55 9580 166 78 176 
56 9561 178 70 191 
57 9546 182 69 203 
58 9532 185 65 218 
59 9509 195 72 224 
60 9492 190 77 241 
61 9473 190 89 248 
62 9447 194 105 254 
63 9416 208 115 261 
64 9393 211 124 272 
65 9364 216 137 283 
66 9327 234 143 296 
67 9290 256 136 318 
68 9257 275 131 337 
69 9228 281 132 359 
70 9199 293 132 376 
71 9169 304 131 396 
72 9143 304 133 420 
73 9106 310 145 439 
74 9073 320 153 454 
75 9028 336 168 468 
76 8992 335 182 491 
77 8950 340 202 508 
78 8901 356 216 527 
79 8859 369 219 553 
80 8818 381 217 584 
81 8774 395 224 607 
82 8728 415 221 636 
83 8675 431 221 673 
84 8614 459 217 710 
85 8574 454 229 743 
86 8530 462 236 772 
87 8483 467 249 801 
88 8430 471 268 831 
89 8357 502 284 857 
90 8296 522 288 894 
91 8231 543 299 927 
92 8168 560 300 972 
93 8092 583 317 1008 
94 8026 588 336 1050 
95 7959 615 327 1099 
96 7893 637 329 1141 
97 7831 652 335 1182 
98 7759 671 344 1226 
99 7688 669 371 1272 
100 7610 686 379 1325 
101 7536 695 383 1386 
102 7449 719 406 1426 
103 7349 743 438 1470 
104 7279 747 457 1517 
105 7187 772 471 1570 
106 7105 788 464 1643 
107 7024 807 465 1704 
108 6921 838 472 1769 
109 6828 860 480 1832 
110 6733 877 482 1908 
111 6638 898 490 1974 
112 6526 923 510 2041 
113 6443 906 544 2107 
114 6334 945 552 2169 
115 6220 967 572 2241 
116 6108 997 583 2312 
117 6030 994 586 2390 
118 5942 979 615 2464 
119 5847 981 621 2551 
120 5741 992 616 2651 
121 5635 1003 641 2721 
122 5531 995 661 2813 
123 5427 1016 662 2895 
124 5304 1030 690 2976 
125 5187 1033 701 3079 
126 5096 1012 720 3172 
127 4994 1036 703 3267 
128 4866 1076 696 3362 
129 4782 1065 679 3474 
130 4698 1043 702 3557 
131 4609 1026 699 3666 
132 4520 1011 689 3780 
133 4420 1007 681 3892 
134 4329 975 726 3970 
135 4243 944 755 4058 
136 4139 957 751 4153 
137 4045 949 747 4259 
138 3959 907 769 4365 
139 3866 916 749 4469 
140 3794 904 729 4573 
141 3715 894 695 4696 
142 3646 874 667 4813 
143 3576 844 676 4904 
144 3496 833 665 5006 
145 3427 816 623 5134 
146 3353 786 643 5218 
147 3295 750 653 5302 
148 3235 724 650 5391 
149 3159 707 654 5480 
150 3097 697 626 5580 
151 3042 673 614 5671 
152 2987 659 597 5757 
153 2938 638 563 5861 
154 2900 596 549 5955 
155 2859 568 532 6041 
156 2820 533 513 6134 
157 2780 515 499 6206 
158 2734 501 480 6285 
159 2691 468 487 6354 
160 2659 438 479 6424 
161 2615 427 454 6504 
162 2579 408 440 6573 
163 2548 390 415 6647 
164 2511 389 395 6705 
165 2488 371 376 6765 
166 2464 356 339 6841 
167 2433 347 317 6903 
168 2415 319 308 6958 
169 2397 294 296 7013 
170 2378 281 279 7062 
171 2356 259 285 7100 
172 2342 237 280 7141 
173 2320 228 272 7180 
174 2304 207 269 7220 
175 2291 197 246 7266 
176 2272 192 227 7309 
177 2261 172 226 7341 
178 2245 170 200 7385 
179 2237 160 182 7421 
180 2230 148 170 7452 
181 2223 133 155 7489 
182 2217 125 146 7512 
183 2209 111 144 7536 
184 2208 96 129 7567 
185 2201 90 124 7585 
186 2193 79 125 7603 
187 2187 74 117 7622 
188 2183 62 111 7644 
189 2181 56 105 7658 
190 2175 55 90 7680 
191 2170 53 81 7696 
192 2167 50 74 7709 
193 2161 48 63 7728 
194 2158 50 53 7739 
195 2155 46 44 7755 
196 2154 39 44 7763 
197 2152 35 43 7770 
198 2150 33 40 7777 
199 2150 31 36 7783 
200 2147 28 34 7791 
201 2144 26 38 7792 
202 2142 25 34 7799 
203 2141 20 32 7807 
204 2141 17 29 7813 
205 2136 19 28 7817 
206 2134 20 27 7819 
207 2134 18 23 7825 
208 2133 17 20 7830 
209 2133 17 17 7833 
210 2133 14 14 7839 
211 2133 11 14 7842 
212 2133 9 13 7845 
213 2133 8 13 7846 
214 2133 8 11 7848 
215 2132 4 14 7850 
216 2132 2 16 7850 
217 2132 2 13 7853 
218 2132 1 11 7856 
219 2132 1 9 7858 
220 2132 1 8 7859 
221 2132 1 8 7859 
222 2132 1 3 7864 
223 2132 1 1 7866 
224 2132 1 1 7866 
225 2132 0 1 7867 
226 2132 0 1 7867 
227 2132 0 1 7867 
228 2132 0 1 7867 
229 2132 0 1 7867 
230 2132 0 1 7867 
231 2132 0 1 7867 
232 2132 0 0 7868 
233 2132 0 0 7868 
234 2132 0 0 7868 
235 2132 0 0 7868 
236 2132 0 0 7868 
237 2132 0 0 7868 
238 2132 0 0 7868 
239 2132 0 0 7868 
240 2132 0 0 7868 
241 2132 0 0 7868 
242 2132 0 0 7868 
243 2132 0 0 7868 
244 2132 0 0 7868 
