0 9995 3 2 0 
1 9992 6 2 0 
2 9992 6 2 0 
3 9990 8 2 0 
4 9989 9 2 0 
5 9989 9 2 0 
6 9989 9 2 0 
7 9989 9 2 0 
8 9988 10 0 2 
9 9988 10 0 2 
10 9988 10 0 2 
11 9988 4 6 2 
12 9981 11 6 2 
13 9979 11 8 2 
14 9975 14 9 2 
15 9973 16 9 2 
16 9969 20 9 2 
17 9968 21 9 2 
18 9967 21 4 8 
19 9967 21 4 8 
20 9965 23 2 10 
21 9965 23 1 11 
22 9965 16 8 11 
23 9962 17 10 11 
24 9954 21 14 11 
25 9950 23 15 12 
26 9944 25 19 12 
27 9939 29 20 12 
28 9936 31 21 12 
29 9930 37 14 19 
30 9926 39 14 21 
31 9922 43 10 25 
32 9919 46 8 27 
33 9919 43 7 31 
34 9916 38 14 32 
35 9907 43 17 33 
36 9900 44 23 33 
37 9893 46 26 35 
38 9884 52 29 35 
39 9877 53 35 35 
40 9869 57 36 38 
41 9863 59 32 46 
42 9856 63 31 50 
43 9848 71 25 56 
44 9840 76 23 61 
45 9832 75 29 64 
46 9827 73 30 70 
47 9825 68 33 74 
48 9814 70 38 78 
49 9800 77 42 81 
50 9784 85 50 81 
51 9774 89 53 84 
52 9758 98 51 93 
53 9744 104 52 100 
54 9728 112 53 107 
55 9721 111 52 116 
56 9709 118 50 123 
57 9696 129 44 131 
58 9691 123 49 137 
59 9672 128 56 144 
60 9655 129 64 152 
61 9639 135 66 160 
62 9617 141 74 168 
63 9599 145 83 173 
64 9576 152 97 175 
65 9554 167 93 186 
66 9532 177 91 200 
67 9506 190 88 216 
68 9482 209 83 226 
69 9469 203 86 242 
70 9439 216 89 256 
71 9413 226 89 272 
72 9397 220 104 279 
73 9368 231 110 291 
74 9342 234 120 304 
75 9311 243 137 309 
76 9284 248 140 328 
77 9248 258 149 345 
78 9220 262 157 361 
79 9192 277 148 383 
80 9168 271 160 401 
81 9121 292 163 424 
82 9082 315 157 446 
83 9045 323 164 468 
84 9005 337 164 494 
85 8959 352 171 518 
86 8920 364 185 531 
87 8870 378 191 561 
88 8831 389 193 587 
89 8782 410 205 603 
90 8730 438 200 632 
91 8677 444 221 658 
92 8636 446 229 689 
93 8581 464 239 716 
94 8528 477 243 752 
95 8474 485 261 780 
96 8422 498 272 808 
97 8353 517 298 832 
98 8295 536 290 879 
99 8240 542 300 918 
100 8171 559 315 955 
101 8102 575 328 995 
102 8041 595 323 1041 
103 7975 606 339 1080 
104 7919 609 342 1130 
105 7846 628 357 1169 
106 7776 646 360 1218 
107 7701 652 377 1270 
108 7607 688 382 1323 
109 7523 717 396 1364 
110 7457 714 410 1419 
111 7382 720 426 1472 
112 7304 737 433 1526 
113 7229 746 447 1578 
114 7152 767 434 1647 
115 7069 777 449 1705 
116 7001 775 464 1760 
117 6921 780 470 1829 
118 6842 765 495 1898 
119 6754 769 518 1959 
120 6661 796 518 2025 
121 6558 824 537 2081 
122 6467 837 542 2154 
123 6383 846 547 2224 
124 6298 854 549 2299 
125 6209 860 538 2393 
126 6118 883 522 2477 
127 6045 876 536 2543 
128 5969 873 540 2618 
129 5892 862 550 2696 
130 5812 849 568 2771 
131 5729 829 594 2848 
132 5632 835 602 2931 
133 5535 848 618 2999 
134 5455 843 623 3079 
135 5361 848 633 3158 
136 5279 839 636 3246 
137 5203 842 616 3339 
138 5131 838 589 3442 
139 5042 850 575 3533 
140 4979 833 571 3617 
141 4914 815 569 3702 
142 4857 775 577 3791 
143 4788 747 583 3882 
144 4709 746 590 3955 
145 4648 713 608 4031 
146 4564 715 613 4108 
147 4504 699 609 4188 
148 4443 688 598 4271 
149 4381 661 590 4368 
150 4312 667 556 4465 
151 4243 671 541 4545 
152 4195 662 504 4639 
153 4145 643 491 4721 
154 4093 616 494 4797 
155 4042 606 483 4869 
156 3995 569 478 4958 
157 3945 559 475 5021 
158 3898 545 471 5086 
159 3858 523 476 5143 
160 3819 493 476 5212 
161 3769 474 466 5291 
162 3730 465 453 5352 
163 3690 455 419 5436 
164 3657 436 411 5496 
165 3629 413 401 5557 
166 3597 398 386 5619 
167 3573 372 367 5688 
168 3543 355 345 5757 
169 3519 339 337 5805 
170 3499 320 326 5855 
171 3459 310 324 5907 
172 3426 304 312 5958 
173 3412 278 305 6005 
174 3384 273 288 6055 
175 3362 267 269 6102 
176 3343 254 261 6142 
177 3324 249 246 6181 
178 3316 227 226 6231 
179 3301 218 211 6270 
180 3291 208 191 6310 
181 3286 173 198 6343 
182 3270 156 203 6371 
183 3262 150 185 6403 
184 3251 133 189 6427 
185 3244 118 181 6457 
186 3235 108 176 6481 
187 3226 98 175 6501 
188 3211 105 143 6541 
189 3206 95 125 6574 
190 3193 98 121 6588 
191 3189 97 98 6616 
192 3184 86 92 6638 
193 3183 79 81 6657 
194 3179 72 73 6676 
195 3177 67 72 6684 
196 3175 60 66 6699 
197 3173 53 65 6709 
198 3167 44 75 6714 
199 3163 43 64 6730 
200 3159 34 69 6738 
201 3156 33 62 6749 
202 3154 30 60 6756 
203 3151 32 52 6765 
204 3148 31 47 6774 
205 3146 31 34 6789 
206 3146 29 31 6794 
207 3144 29 20 6807 
208 3144 23 22 6811 
209 3144 19 21 6816 
210 3144 15 24 6817 
211 3142 14 23 6821 
212 3142 12 23 6823 
213 3141 10 24 6825 
214 3140 8 25 6827 
215 3139 7 21 6833 
216 3137 9 17 6837 
217 3136 8 15 6841 
218 3136 8 12 6844 
219 3136 8 10 6846 
220 3136 8 7 6849 
221 3136 6 6 6852 
222 3136 6 4 6854 
223 3135 6 5 6854 
224 3135 5 4 6856 
225 3135 4 5 6856 
226 3135 2 7 6856 
227 3135 1 8 6856 
228 3135 1 6 6858 
229 3134 2 6 6858 
230 3134 2 5 6859 
231 3134 2 4 6860 
232 3134 2 3 6861 
233 3134 1 2 6863 
234 3134 1 1 6864 
235 3134 1 1 6864 
236 3134 1 1 6864 
237 3134 1 1 6864 
238 3134 1 1 6864 
239 3134 0 2 6864 
240 3134 0 1 6865 
241 3134 0 1 6865 
242 3134 0 1 6865 
243 3134 0 1 6865 
244 3134 0 1 6865 
245 3134 0 1 6865 
246 3134 0 0 6866 
247 3134 0 0 6866 
248 3134 0 0 6866 
249 3134 0 0 6866 
250 3134 0 0 6866 
251 3134 0 0 6866 
252 3134 0 0 6866 
253 3134 0 0 6866 
254 3134 0 0 6866 
255 3134 0 0 6866 
256 3134 0 0 6866 
257 3134 0 0 6866 
258 3134 0 0 6866 
