0 9998 0 2 0 
1 9995 3 2 0 
2 9994 4 2 0 
3 9993 5 2 0 
4 9993 5 2 0 
5 9993 5 2 0 
6 9993 5 2 0 
7 9993 5 2 0 
8 9993 5 0 2 
9 9993 5 0 2 
10 9993 5 0 2 
11 9993 2 3 2 
12 9993 1 4 2 
13 9991 2 5 2 
14 9988 5 5 2 
15 9987 6 5 2 
16 9987 6 5 2 
17 9986 7 5 2 
18 9984 9 2 5 
19 9984 9 1 6 
20 9984 9 0 7 
21 9984 9 0 7 
22 9984 9 0 7 
23 9984 7 2 7 
24 9984 4 5 7 
25 9982 5 6 7 
26 9982 5 6 7 
27 9977 9 7 7 
28 9976 8 9 7 
29 9972 12 9 7 
30 9970 14 7 9 
31 9969 15 4 12 
32 9968 16 3 13 
33 9968 16 3 13 
34 9968 16 2 14 
35 9968 14 2 16 
36 9967 15 2 16 
37 9966 11 7 16 
38 9966 10 8 16 
39 9961 11 12 16 
40 9957 13 14 16 
41 9956 13 15 16 
42 9951 17 14 18 
43 9945 23 14 18 
44 9944 24 9 23 
45 9943 25 8 24 
46 9942 25 5 28 
47 9941 25 4 30 
48 9940 26 3 31 
49 9940 21 7 32 
50 9938 19 11 32 
51 9937 19 12 32 
52 9931 20 17 32 
53 9928 17 22 33 
54 9924 20 22 34 
55 9917 26 23 34 
56 9913 29 19 39 
57 9908 33 16 43 
58 9907 33 16 44 
59 9905 35 11 49 
60 9904 34 7 55 
61 9901 36 7 56 
62 9899 32 12 57 
63 9894 34 14 58 
64 9892 32 17 59 
65 9887 30 23 60 
66 9882 31 27 60 
67 9875 33 30 62 
68 9865 42 30 63 
69 9861 44 26 69 
70 9859 45 24 72 
71 9856 45 23 76 
72 9851 48 18 83 
73 9848 46 19 87 
74 9842 50 16 92 
75 9838 49 20 93 
76 9829 53 23 95 
77 9826 49 29 96 
78 9822 43 36 99 
79 9815 46 38 101 
80 9810 49 35 106 
81 9799 57 36 108 
82 9792 59 36 113 
83 9787 61 34 118 
84 9779 63 33 125 
85 9775 63 27 135 
86 9772 57 32 139 
87 9764 62 33 141 
88 9756 66 34 144 
89 9750 65 36 149 
90 9745 65 38 152 
91 9739 60 43 158 
92 9730 62 46 162 
93 9721 66 42 171 
94 9710 69 47 174 
95 9698 77 47 178 
96 9693 79 43 185 
97 9680 84 46 190 
98 9676 80 43 201 
99 9668 82 42 208 
100 9662 83 42 213 
101 9656 83 40 221 
102 9649 81 45 225 
103 9642 79 51 228 
104 9634 76 54 236 
105 9623 75 58 244 
106 9612 81 57 250 
107 9603 77 65 255 
108 9595 81 63 261 
109 9583 85 62 270 
110 9572 90 59 279 
111 9559 97 54 290 
112 9552 97 49 302 
113 9542 100 51 307 
114 9537 97 46 320 
115 9529 94 53 324 
116 9521 91 56 332 
117 9511 92 59 338 
118 9499 96 61 344 
119 9485 98 66 351 
120 9471 101 70 358 
121 9461 98 75 366 
122 9447 105 71 377 
123 9433 109 70 388 
124 9425 112 66 397 
125 9416 113 66 405 
126 9408 113 62 417 
127 9400 111 61 428 
128 9388 111 60 441 
129 9376 109 67 448 
130 9366 105 71 458 
131 9348 113 76 463 
132 9340 107 82 471 
133 9327 106 88 479 
134 9319 106 86 489 
135 9307 109 83 501 
136 9281 127 77 515 
137 9273 127 71 529 
138 9259 129 73 539 
139 9250 126 71 553 
140 9234 132 67 567 
141 9225 123 77 575 
142 9211 129 76 584 
143 9199 128 81 592 
144 9187 132 81 600 
145 9173 134 81 612 
146 9159 122 95 624 
147 9152 121 93 634 
148 9137 122 89 652 
149 9129 121 90 660 
150 9117 117 93 673 
151 9102 123 94 681 
152 9089 122 96 693 
153 9071 128 82 719 
154 9057 130 86 727 
155 9047 126 86 741 
156 9032 127 91 750 
157 9009 143 82 766 
158 8991 146 88 775 
159 8984 145 82 789 
160 8977 140 82 801 
161 8966 136 85 813 
162 8951 138 84 827 
163 8942 129 88 841 
164 8933 124 95 848 
165 8920 127 90 863 
166 8906 126 97 871 
167 8899 110 108 883 
168 8875 116 111 898 
169 8862 122 105 911 
170 8849 128 94 929 
171 8831 135 91 943 
172 8820 131 96 953 
173 8806 136 90 968 
174 8799 134 76 991 
175 8785 135 71 1009 
176 8772 134 78 1016 
177 8758 141 78 1023 
178 8750 125 91 1034 
179 8736 126 89 1049 
180 8727 122 93 1058 
181 8712 119 102 1067 
182 8698 122 100 1080 
183 8675 131 100 1094 
184 8662 137 100 1101 
185 8652 133 90 1125 
186 8640 132 90 1138 
187 8630 128 91 1151 
188 8617 133 81 1169 
189 8607 129 84 1180 
190 8594 133 79 1194 
191 8583 129 87 1201 
192 8574 124 87 1215 
193 8566 109 97 1228 
194 8553 109 96 1242 
195 8546 106 98 1250 
196 8535 105 96 1264 
197 8527 103 97 1273 
198 8517 100 95 1288 
199 8505 102 91 1302 
200 8495 99 81 1325 
201 8487 96 79 1338 
202 8475 99 78 1348 
203 8464 102 74 1360 
204 8456 97 77 1370 
205 8443 103 71 1383 
206 8438 97 72 1393 
207 8434 93 67 1406 
208 8424 93 66 1417 
209 8418 87 69 1426 
210 8410 85 71 1434 
211 8407 80 66 1447 
212 8395 80 71 1454 
213 8384 80 71 1465 
214 8371 85 71 1473 
215 8359 84 74 1483 
216 8351 87 67 1495 
217 8342 92 61 1505 
218 8340 84 63 1513 
219 8334 84 57 1525 
220 8325 85 54 1536 
221 8321 86 49 1544 
222 8314 81 48 1557 
223 8311 73 54 1562 
224 8310 61 63 1566 
225 8300 59 65 1576 
226 8297 54 67 1582 
227 8287 55 68 1590 
228 8279 61 67 1593 
229 8273 61 61 1605 
230 8265 60 59 1616 
231 8257 64 50 1629 
232 8255 59 45 1641 
233 8252 59 40 1649 
234 8248 62 32 1658 
235 8247 53 40 1660 
236 8244 53 37 1666 
237 8238 49 38 1675 
238 8236 43 42 1679 
239 8229 44 41 1686 
240 8227 38 46 1689 
241 8223 34 53 1690 
242 8216 39 45 1700 
243 8213 39 45 1703 
244 8209 39 39 1713 
245 8204 43 32 1721 
246 8204 40 29 1727 
247 8203 35 27 1735 
248 8201 35 21 1743 
249 8198 31 26 1745 
250 8193 34 25 1748 
251 8191 32 25 1752 
252 8189 27 31 1753 
253 8186 27 31 1756 
254 8181 28 29 1762 
255 8180 24 32 1764 
256 8179 25 25 1771 
257 8177 26 24 1773 
258 8177 24 22 1777 
259 8175 23 18 1784 
260 8173 20 20 1787 
261 8169 22 18 1791 
262 8167 22 15 1796 
263 8166 20 18 1796 
264 8164 17 22 1797 
265 8159 21 21 1799 
266 8157 22 19 1802 
267 8156 21 16 1807 
268 8156 21 14 1809 
269 8155 20 14 1811 
270 8154 19 13 1814 
271 8154 15 12 1819 
272 8150 17 13 1820 
273 8149 17 13 1821 
274 8148 16 13 1823 
275 8146 13 18 1823 
276 8145 12 18 1825 
277 8143 13 17 1827 
278 8141 15 13 1831 
279 8140 15 12 1833 
280 8140 14 12 1834 
281 8140 14 10 1836 
282 8140 10 9 1841 
283 8139 10 8 1843 
284 8138 10 8 1844 
285 8137 9 10 1844 
286 8137 8 10 1845 
287 8135 8 11 1846 
288 8135 6 13 1846 
289 8134 6 10 1850 
290 8133 7 9 1851 
291 8131 9 8 1852 
292 8131 9 6 1854 
293 8130 9 6 1855 
294 8130 8 5 1857 
295 8130 7 4 1859 
296 8129 8 3 1860 
297 8129 6 5 1860 
298 8127 8 5 1860 
299 8127 7 6 1860 
300 8126 7 6 1861 
301 8125 6 7 1862 
302 8124 7 6 1863 
303 8124 6 7 1863 
304 8124 6 5 1865 
305 8124 6 5 1865 
306 8123 6 5 1866 
307 8123 6 4 1867 
308 8122 5 4 1869 
309 8122 5 4 1869 
310 8122 4 4 1870 
311 8122 3 5 1870 
312 8121 3 6 1870 
313 8121 3 5 1871 
314 8120 4 5 1871 
315 8120 4 3 1873 
316 8120 3 4 1873 
317 8118 5 3 1874 
318 8118 4 3 1875 
319 8118 4 2 1876 
320 8118 4 2 1876 
321 8118 4 2 1876 
322 8118 3 3 1876 
323 8118 3 2 1877 
324 8118 2 3 1877 
325 8117 3 2 1878 
326 8117 3 2 1878 
327 8117 1 4 1878 
328 8117 1 4 1878 
329 8117 1 3 1879 
330 8115 3 3 1879 
331 8115 3 2 1880 
332 8115 3 2 1880 
333 8115 3 2 1880 
334 8115 3 0 1882 
335 8115 2 1 1882 
336 8115 2 1 1882 
337 8115 2 1 1882 
338 8115 2 1 1882 
339 8115 2 1 1882 
340 8115 0 3 1882 
341 8115 0 3 1882 
342 8112 3 2 1883 
343 8112 3 2 1883 
344 8111 4 2 1883 
345 8111 4 2 1883 
346 8110 5 2 1883 
347 8110 5 0 1885 
348 8110 5 0 1885 
349 8110 5 0 1885 
350 8110 5 0 1885 
351 8110 5 0 1885 
352 8110 2 3 1885 
353 8109 3 3 1885 
354 8108 3 4 1885 
355 8107 4 4 1885 
356 8107 3 5 1885 
357 8106 4 5 1885 
358 8106 4 5 1885 
359 8106 4 2 1888 
360 8106 4 2 1888 
361 8106 4 1 1889 
362 8106 4 1 1889 
363 8106 3 1 1890 
364 8106 2 2 1890 
365 8105 2 3 1890 
366 8105 2 3 1890 
367 8105 1 4 1890 
368 8105 1 4 1890 
369 8105 1 4 1890 
370 8105 1 3 1891 
371 8104 2 2 1892 
372 8104 2 1 1893 
373 8104 2 1 1893 
374 8104 2 0 1894 
375 8104 1 1 1894 
376 8104 1 1 1894 
377 8104 1 1 1894 
378 8103 2 1 1894 
379 8103 2 1 1894 
380 8103 2 1 1894 
381 8103 1 2 1894 
382 8103 1 1 1895 
383 8103 1 1 1895 
384 8103 1 1 1895 
385 8103 1 1 1895 
386 8103 1 1 1895 
387 8103 1 1 1895 
388 8103 0 1 1896 
389 8103 0 1 1896 
390 8103 0 1 1896 
391 8103 0 1 1896 
392 8103 0 1 1896 
393 8103 0 1 1896 
394 8103 0 1 1896 
395 8103 0 0 1897 
396 8103 0 0 1897 
397 8103 0 0 1897 
398 8103 0 0 1897 
399 8103 0 0 1897 
400 8103 0 0 1897 
401 8103 0 0 1897 
402 8103 0 0 1897 
403 8103 0 0 1897 
404 8103 0 0 1897 
405 8103 0 0 1897 
406 8103 0 0 1897 
407 8103 0 0 1897 
