0 9995 0 5 0 
1 9991 4 5 0 
2 9989 6 5 0 
3 9987 8 5 0 
4 9984 11 5 0 
5 9984 11 5 0 
6 9981 14 5 0 
7 9981 14 5 0 
8 9980 15 0 5 
9 9980 15 0 5 
10 9980 15 0 5 
11 9980 11 4 5 
12 9973 16 6 5 
13 9972 15 8 5 
14 9971 13 11 5 
15 9966 18 11 5 
16 9962 19 14 5 
17 9958 23 14 5 
18 9956 24 11 9 
19 9952 28 9 11 
20 9949 31 7 13 
21 9947 33 4 16 
22 9946 27 11 16 
23 9938 34 9 19 
24 9937 34 10 19 
25 9932 34 14 20 
26 9929 33 18 20 
27 9921 37 22 20 
28 9916 40 24 20 
29 9908 44 21 27 
30 9896 53 23 28 
31 9892 55 24 29 
32 9887 59 20 34 
33 9882 56 24 38 
34 9875 62 21 42 
35 9868 64 24 44 
36 9860 69 23 48 
37 9852 69 28 51 
38 9846 70 31 53 
39 9838 70 38 54 
40 9826 70 42 62 
41 9807 85 45 63 
42 9797 90 45 68 
43 9784 98 47 71 
44 9776 99 46 79 
45 9758 110 48 84 
46 9748 112 48 92 
47 9734 118 44 104 
48 9718 128 46 108 
49 9707 131 49 113 
50 9686 140 56 118 
51 9678 129 68 125 
52 9654 143 71 132 
53 9632 152 76 140 
54 9616 160 76 148 
55 9596 162 88 154 
56 9571 177 90 162 
57 9557 177 92 174 
58 9532 186 89 193 
59 9507 200 90 203 
60 9478 208 98 216 
61 9458 220 98 224 
62 9434 220 104 242 
63 9414 218 116 252 
64 9388 228 118 266 
65 9351 245 122 282 
66 9318 253 136 293 
67 9280 277 129 314 
68 9243 289 146 322 
69 9218 289 147 346 
70 9180 298 154 368 
71 9136 322 158 384 
72 9103 331 162 404 
73 9068 346 157 429 
74 9029 359 169 443 
75 8993 358 181 468 
76 8955 363 189 493 
77 8924 356 198 522 
78 8877 366 215 542 
79 8821 397 216 566 
80 8774 406 234 586 
81 8714 422 252 612 
82 8665 438 248 649 
83 8601 467 250 682 
84 8552 477 251 720 
85 8501 492 250 757 
86 8438 517 263 782 
87 8374 550 256 820 
88 8327 550 259 864 
89 8259 562 282 897 
90 8192 582 294 932 
91 8117 597 315 971 
92 8041 624 328 1007 
93 7967 634 354 1045 
94 7894 658 372 1076 
95 7823 678 376 1123 
96 7753 685 383 1179 
97 7665 709 400 1226 
98 7580 747 387 1286 
99 7516 743 406 1335 
100 7444 748 409 1399 
101 7375 742 435 1448 
102 7292 749 460 1499 
103 7201 766 471 1562 
104 7093 801 480 1626 
105 6999 824 504 1673 
106 6880 873 506 1741 
107 6765 900 527 1808 
108 6668 912 537 1883 
109 6564 952 525 1959 
110 6470 974 523 2033 
111 6375 1000 519 2106 
112 6274 1018 531 2177 
113 6182 1019 552 2247 
114 6091 1002 572 2335 
115 5977 1022 581 2420 
116 5855 1025 636 2484 
117 5727 1038 679 2556 
118 5614 1054 707 2625 
119 5482 1082 728 2708 
120 5340 1130 731 2799 
121 5211 1164 718 2907 
122 5103 1171 725 3001 
123 4997 1185 698 3120 
124 4894 1197 674 3235 
125 4778 1199 691 3332 
126 4641 1214 709 3436 
127 4533 1194 743 3530 
128 4420 1194 761 3625 
129 4322 1160 792 3726 
130 4202 1138 842 3818 
131 4096 1115 880 3909 
132 3987 1116 874 4023 
133 3891 1106 858 4145 
134 3766 1128 833 4273 
135 3673 1105 836 4386 
136 3576 1065 841 4518 
137 3478 1055 807 4660 
138 3383 1037 791 4789 
139 3289 1033 781 4897 
140 3209 993 795 5003 
141 3124 972 798 5106 
142 3048 939 791 5222 
143 2985 906 750 5359 
144 2910 856 767 5467 
145 2836 837 747 5580 
146 2770 806 746 5678 
147 2703 775 724 5798 
148 2639 744 713 5904 
149 2589 700 698 6013 
150 2527 682 682 6109 
151 2467 657 642 6234 
152 2430 618 625 6327 
153 2386 599 591 6424 
154 2340 570 568 6522 
155 2299 537 547 6617 
156 2273 497 519 6711 
157 2236 467 506 6791 
158 2207 432 485 6876 
159 2173 416 459 6952 
160 2153 374 458 7015 
161 2125 342 443 7090 
162 2090 340 406 7164 
163 2074 312 384 7230 
164 2052 288 363 7297 
165 2036 263 340 7361 
166 2016 257 316 7411 
167 1998 238 291 7473 
168 1990 217 260 7533 
169 1981 192 257 7570 
170 1967 186 233 7614 
171 1952 173 215 7660 
172 1936 154 209 7701 
173 1928 146 199 7727 
174 1916 136 184 7764 
175 1909 127 171 7793 
176 1902 114 157 7827 
177 1897 101 155 7847 
178 1886 104 135 7875 
179 1882 99 109 7910 
180 1880 87 107 7926 
181 1875 77 100 7948 
182 1870 66 100 7964 
183 1866 62 88 7984 
184 1864 52 82 8002 
185 1860 49 81 8010 
186 1858 44 79 8019 
187 1856 41 70 8033 
188 1852 34 66 8048 
189 1852 30 54 8064 
190 1851 29 48 8072 
191 1847 28 41 8084 
192 1847 23 39 8091 
193 1845 21 36 8098 
194 1845 19 33 8103 
195 1843 17 26 8114 
196 1841 17 24 8118 
197 1841 15 24 8120 
198 1839 13 23 8125 
199 1837 15 18 8130 
200 1837 14 15 8134 
201 1836 11 17 8136 
202 1836 11 13 8140 
203 1835 10 13 8142 
204 1835 10 11 8144 
205 1835 8 9 8148 
206 1835 6 11 8148 
207 1835 6 10 8149 
208 1835 4 8 8153 
209 1835 2 10 8153 
210 1834 3 8 8155 
211 1834 2 9 8155 
212 1834 2 7 8157 
213 1833 2 6 8159 
214 1832 3 6 8159 
215 1832 3 4 8161 
216 1832 3 2 8163 
217 1832 3 2 8163 
218 1832 3 1 8164 
219 1832 3 1 8164 
220 1832 2 1 8165 
221 1832 2 1 8165 
222 1832 2 1 8165 
223 1832 1 2 8165 
224 1832 0 3 8165 
225 1832 0 3 8165 
226 1832 0 3 8165 
227 1832 0 2 8166 
228 1832 0 2 8166 
229 1832 0 2 8166 
230 1832 0 1 8167 
231 1832 0 0 8168 
232 1832 0 0 8168 
233 1832 0 0 8168 
234 1832 0 0 8168 
235 1832 0 0 8168 
236 1832 0 0 8168 
237 1832 0 0 8168 
238 1832 0 0 8168 
239 1832 0 0 8168 
240 1832 0 0 8168 
241 1832 0 0 8168 
242 1832 0 0 8168 
243 1832 0 0 8168 
