0 9998 1 1 0 
1 9998 1 1 0 
2 9998 1 1 0 
3 9998 1 1 0 
4 9998 1 1 0 
5 9998 1 1 0 
6 9998 1 1 0 
7 9998 1 1 0 
8 9998 1 0 1 
9 9998 1 0 1 
10 9998 1 0 1 
11 9998 0 1 1 
12 9998 0 1 1 
13 9998 0 1 1 
14 9998 0 1 1 
15 9997 1 1 1 
16 9997 1 1 1 
17 9997 1 1 1 
18 9997 1 0 2 
19 9997 1 0 2 
20 9997 1 0 2 
21 9997 1 0 2 
22 9997 1 0 2 
23 9997 1 0 2 
24 9997 1 0 2 
25 9997 0 1 2 
26 9997 0 1 2 
27 9997 0 1 2 
28 9996 1 1 2 
29 9996 1 1 2 
30 9996 1 1 2 
31 9995 2 1 2 
32 9995 2 0 3 
33 9995 2 0 3 
34 9995 2 0 3 
35 9995 2 0 3 
36 9995 2 0 3 
37 9995 2 0 3 
38 9995 1 1 3 
39 9995 1 1 3 
40 9995 1 1 3 
41 9995 0 2 3 
42 9993 2 2 3 
43 9993 2 2 3 
44 9991 4 2 3 
45 9990 5 1 4 
46 9990 5 1 4 
47 9990 5 1 4 
48 9990 5 0 5 
49 9990 5 0 5 
50 9990 5 0 5 
51 9990 5 0 5 
52 9990 3 2 5 
53 9990 3 2 5 
54 9988 3 4 5 
55 9985 5 5 5 
56 9984 6 5 5 
57 9982 8 5 5 
58 9979 11 5 5 
59 9979 11 3 7 
60 9979 11 3 7 
61 9979 11 1 9 
62 9979 11 0 10 
63 9979 11 0 10 
64 9979 9 2 10 
65 9978 7 5 10 
66 9976 8 6 10 
67 9973 9 8 10 
68 9970 9 11 10 
69 9970 9 11 10 
70 9969 10 11 10 
71 9968 11 9 12 
72 9968 11 6 15 
73 9968 11 5 16 
74 9968 11 3 18 
75 9966 12 1 21 
76 9966 10 3 21 
77 9966 7 6 21 
78 9965 5 9 21 
79 9963 7 9 21 
80 9962 7 10 21 
81 9962 6 11 21 
82 9960 8 10 22 
83 9956 12 8 24 
84 9955 13 5 27 
85 9953 13 4 30 
86 9953 13 4 30 
87 9952 14 3 31 
88 9951 14 3 32 
89 9950 13 5 32 
90 9949 13 6 32 
91 9946 16 6 32 
92 9946 14 6 34 
93 9945 11 10 34 
94 9944 11 11 34 
95 9940 13 12 35 
96 9937 16 10 37 
97 9935 17 10 38 
98 9932 19 11 38 
99 9931 19 10 40 
100 9931 18 7 44 
101 9929 17 9 45 
102 9927 19 7 47 
103 9926 19 8 47 
104 9925 19 8 48 
105 9925 15 11 49 
106 9921 16 13 50 
107 9919 16 14 51 
108 9918 14 14 54 
109 9917 14 15 54 
110 9915 16 14 55 
111 9911 18 15 56 
112 9910 17 13 60 
113 9908 18 11 63 
114 9907 18 10 65 
115 9905 20 7 68 
116 9905 16 10 69 
117 9904 15 12 69 
118 9901 17 11 71 
119 9899 18 10 73 
120 9898 17 11 74 
121 9898 13 14 75 
122 9896 14 15 75 
123 9893 15 13 79 
124 9889 18 12 81 
125 9886 19 13 82 
126 9884 21 12 83 
127 9882 22 11 85 
128 9881 20 10 89 
129 9878 21 11 90 
130 9877 21 10 92 
131 9875 23 9 93 
132 9875 21 9 95 
133 9874 19 12 95 
134 9871 18 15 96 
135 9870 16 15 99 
136 9866 18 15 101 
137 9862 20 16 102 
138 9862 19 17 102 
139 9858 20 18 104 
140 9854 23 16 107 
141 9852 23 14 111 
142 9850 25 11 114 
143 9848 26 10 116 
144 9845 26 11 118 
145 9844 26 11 119 
146 9843 23 12 122 
147 9837 25 15 123 
148 9835 27 13 125 
149 9832 26 17 125 
150 9831 23 20 126 
151 9828 24 19 129 
152 9822 28 20 130 
153 9819 29 18 134 
154 9819 26 17 138 
155 9815 29 18 138 
156 9811 32 15 142 
157 9810 27 17 146 
158 9808 27 17 148 
159 9807 25 18 150 
160 9806 25 17 152 
161 9802 26 17 155 
162 9799 23 22 156 
163 9796 23 24 157 
164 9794 25 18 163 
165 9793 22 20 165 
166 9789 22 21 168 
167 9787 23 21 169 
168 9784 24 20 172 
169 9783 24 15 178 
170 9783 23 13 181 
171 9782 20 17 181 
172 9781 18 16 185 
173 9778 18 15 189 
174 9776 18 16 190 
175 9775 18 15 192 
176 9773 16 18 193 
177 9771 16 19 194 
178 9767 17 18 198 
179 9766 17 16 201 
180 9761 22 13 204 
181 9760 22 12 206 
182 9760 21 12 207 
183 9757 21 11 211 
184 9755 21 11 213 
185 9754 21 9 216 
186 9754 19 10 217 
187 9753 18 12 217 
188 9752 15 15 218 
189 9750 16 15 219 
190 9748 13 17 222 
191 9743 17 16 224 
192 9741 19 15 225 
193 9739 18 16 227 
194 9739 16 16 229 
195 9737 17 13 233 
196 9735 19 12 234 
197 9735 18 8 239 
198 9734 18 8 240 
199 9732 18 10 240 
200 9732 16 9 243 
201 9729 14 12 245 
202 9728 13 13 246 
203 9726 13 15 246 
204 9725 14 14 247 
205 9723 14 15 248 
206 9721 14 15 250 
207 9720 15 13 252 
208 9718 16 9 257 
209 9717 15 9 259 
210 9716 16 7 261 
211 9716 13 10 261 
212 9715 13 9 263 
213 9712 14 9 265 
214 9711 14 10 265 
215 9711 12 11 266 
216 9711 10 11 268 
217 9710 10 12 268 
218 9710 8 11 271 
219 9709 8 11 272 
220 9708 8 10 274 
221 9708 8 9 275 
222 9707 8 8 277 
223 9707 5 9 279 
224 9706 5 9 280 
225 9705 6 7 282 
226 9705 6 6 283 
227 9705 5 6 284 
228 9704 6 6 284 
229 9704 5 6 285 
230 9704 4 4 288 
231 9703 5 3 289 
232 9703 4 4 289 
233 9703 4 4 289 
234 9703 3 4 290 
235 9703 2 5 290 
236 9703 2 4 291 
237 9703 2 3 292 
238 9703 1 4 292 
239 9703 1 3 293 
240 9701 3 3 293 
241 9701 2 3 294 
242 9701 2 2 295 
243 9701 2 2 295 
244 9701 2 2 295 
245 9701 2 1 296 
246 9701 2 1 296 
247 9701 2 1 296 
248 9701 2 0 297 
249 9701 2 0 297 
250 9701 0 2 297 
251 9700 1 2 297 
252 9700 1 2 297 
253 9700 1 2 297 
254 9700 1 2 297 
255 9700 1 2 297 
256 9700 1 2 297 
257 9700 1 0 299 
258 9700 1 0 299 
259 9700 1 0 299 
260 9700 1 0 299 
261 9700 0 1 299 
262 9700 0 1 299 
263 9700 0 1 299 
264 9700 0 1 299 
265 9700 0 1 299 
266 9700 0 1 299 
267 9700 0 1 299 
268 9700 0 0 300 
269 9700 0 0 300 
270 9700 0 0 300 
271 9700 0 0 300 
272 9700 0 0 300 
273 9700 0 0 300 
274 9700 0 0 300 
275 9700 0 0 300 
276 9700 0 0 300 
277 9700 0 0 300 
278 9700 0 0 300 
279 9700 0 0 300 
280 9700 0 0 300 
