0 9989 8 3 0 
1 9985 12 3 0 
2 9981 16 3 0 
3 9980 17 3 0 
4 9980 17 3 0 
5 9978 19 3 0 
6 9978 19 3 0 
7 9976 21 3 0 
8 9976 21 0 3 
9 9976 21 0 3 
10 9976 21 0 3 
11 9976 9 12 3 
12 9970 11 16 3 
13 9958 22 17 3 
14 9951 29 17 3 
15 9948 30 19 3 
16 9939 39 19 3 
17 9936 40 21 3 
18 9928 48 9 15 
19 9927 49 5 19 
20 9927 49 4 20 
21 9927 49 4 20 
22 9925 45 8 22 
23 9922 36 20 22 
24 9914 37 25 24 
25 9900 48 28 24 
26 9895 44 37 24 
27 9889 47 40 24 
28 9878 50 48 24 
29 9870 57 43 30 
30 9855 72 31 42 
31 9850 77 24 49 
32 9843 82 23 52 
33 9839 83 17 61 
34 9835 79 22 64 
35 9829 71 28 72 
36 9822 73 32 73 
37 9803 86 38 73 
38 9792 86 49 73 
39 9782 88 55 75 
40 9773 82 67 78 
41 9759 91 64 86 
42 9742 101 57 100 
43 9723 116 56 105 
44 9707 128 54 111 
45 9692 137 49 122 
46 9683 139 48 130 
47 9677 126 52 145 
48 9664 128 58 150 
49 9640 142 61 157 
50 9626 147 66 161 
51 9607 152 76 165 
52 9584 158 87 171 
53 9565 158 99 178 
54 9539 168 96 197 
55 9514 178 100 208 
56 9488 195 99 218 
57 9467 210 96 227 
58 9444 220 95 241 
59 9420 220 102 258 
60 9392 234 97 277 
61 9365 242 100 293 
62 9331 253 108 308 
63 9302 263 118 317 
64 9265 274 138 323 
65 9228 286 150 336 
66 9191 297 152 360 
67 9163 304 159 374 
68 9128 316 163 393 
69 9088 332 164 416 
70 9048 344 173 435 
71 9009 356 174 461 
72 8975 356 183 486 
73 8924 378 186 512 
74 8885 380 202 533 
75 8837 391 216 556 
76 8775 416 229 580 
77 8717 446 229 608 
78 8665 463 237 635 
79 8602 486 243 669 
80 8540 508 254 698 
81 8479 530 256 735 
82 8430 545 253 772 
83 8361 563 267 809 
84 8307 578 278 837 
85 8236 601 291 872 
86 8166 609 313 912 
87 8098 619 331 952 
88 8016 649 344 991 
89 7942 660 373 1025 
90 7865 675 384 1076 
91 7770 709 406 1115 
92 7693 737 407 1163 
93 7600 761 414 1225 
94 7496 811 410 1283 
95 7407 829 429 1335 
96 7322 844 436 1398 
97 7216 882 442 1460 
98 7125 891 463 1521 
99 7037 905 488 1570 
100 6946 919 496 1639 
101 6856 914 537 1693 
102 6743 950 543 1764 
103 6635 965 566 1834 
104 6514 982 602 1902 
105 6409 998 609 1984 
106 6300 1022 620 2058 
107 6181 1035 649 2135 
108 6039 1086 645 2230 
109 5918 1119 656 2307 
110 5814 1132 654 2400 
111 5718 1138 640 2504 
112 5618 1125 664 2593 
113 5496 1139 687 2678 
114 5369 1145 702 2784 
115 5229 1180 716 2875 
116 5121 1179 737 2963 
117 4998 1183 765 3054 
118 4876 1163 817 3144 
119 4732 1186 825 3257 
120 4593 1221 821 3365 
121 4456 1262 796 3486 
122 4348 1270 791 3591 
123 4224 1272 804 3700 
124 4115 1254 812 3819 
125 3999 1230 810 3961 
126 3885 1236 797 4082 
127 3733 1265 816 4186 
128 3602 1274 842 4282 
129 3474 1258 886 4382 
130 3346 1247 903 4504 
131 3232 1224 913 4631 
132 3112 1236 881 4771 
133 3002 1222 897 4879 
134 2900 1215 883 5002 
135 2782 1217 877 5124 
136 2683 1202 847 5268 
137 2590 1143 860 5407 
138 2481 1121 854 5544 
139 2399 1075 874 5652 
140 2303 1043 878 5776 
141 2216 1016 883 5885 
142 2129 983 887 6001 
143 2045 957 883 6115 
144 1967 933 833 6267 
145 1894 888 820 6398 
146 1820 863 791 6526 
147 1753 837 756 6654 
148 1692 789 751 6768 
149 1633 766 713 6888 
150 1571 732 699 6998 
151 1513 703 684 7100 
152 1477 652 653 7218 
153 1436 609 638 7317 
154 1394 573 623 7410 
155 1355 539 587 7519 
156 1325 495 579 7601 
157 1291 462 550 7697 
158 1257 435 524 7784 
159 1239 394 496 7871 
160 1215 356 474 7955 
161 1182 331 454 8033 
162 1162 315 417 8106 
163 1142 294 384 8180 
164 1120 274 359 8247 
165 1100 255 337 8308 
166 1078 247 308 8367 
167 1065 226 280 8429 
168 1057 200 256 8487 
169 1048 191 238 8523 
170 1039 176 221 8564 
171 1031 151 212 8606 
172 1024 138 193 8645 
173 1012 130 183 8675 
174 1001 119 171 8709 
175 992 108 157 8743 
176 982 96 161 8761 
177 978 87 150 8785 
178 977 80 125 8818 
179 973 75 114 8838 
180 967 72 103 8858 
181 962 69 89 8880 
182 959 65 76 8900 
183 955 57 66 8922 
184 951 50 64 8935 
185 948 44 65 8943 
186 948 34 66 8952 
187 944 34 61 8961 
188 942 35 54 8969 
189 941 32 51 8976 
190 939 28 45 8988 
191 938 24 39 8999 
192 936 23 33 9008 
193 935 20 27 9018 
194 934 17 27 9022 
195 934 14 29 9023 
196 934 14 25 9027 
197 934 10 23 9033 
198 934 8 20 9038 
199 934 7 18 9041 
200 934 5 16 9045 
201 934 4 13 9049 
202 934 2 12 9052 
203 933 2 13 9052 
204 932 2 10 9056 
205 932 2 8 9058 
206 932 2 7 9059 
207 932 2 5 9061 
208 932 2 4 9062 
209 932 2 2 9064 
210 932 2 1 9065 
211 932 2 0 9066 
212 932 2 0 9066 
213 932 1 1 9066 
214 932 0 2 9066 
215 932 0 2 9066 
216 932 0 2 9066 
217 932 0 2 9066 
218 932 0 2 9066 
219 932 0 2 9066 
220 932 0 1 9067 
221 932 0 0 9068 
222 932 0 0 9068 
223 932 0 0 9068 
224 932 0 0 9068 
225 932 0 0 9068 
226 932 0 0 9068 
227 932 0 0 9068 
228 932 0 0 9068 
229 932 0 0 9068 
230 932 0 0 9068 
231 932 0 0 9068 
232 932 0 0 9068 
233 932 0 0 9068 
