0 9999 1 0 0 
1 9999 1 0 0 
2 9999 1 0 0 
3 9999 1 0 0 
4 9999 1 0 0 
5 9999 1 0 0 
6 9999 1 0 0 
7 9999 1 0 0 
8 9999 1 0 0 
9 9999 1 0 0 
10 9999 1 0 0 
11 9999 0 1 0 
12 9999 0 1 0 
13 9999 0 1 0 
14 9999 0 1 0 
15 9999 0 1 0 
16 9998 1 1 0 
17 9996 3 1 0 
18 9996 3 0 1 
19 9996 3 0 1 
20 9996 3 0 1 
21 9996 3 0 1 
22 9996 3 0 1 
23 9996 3 0 1 
24 9996 3 0 1 
25 9996 3 0 1 
26 9996 2 1 1 
27 9995 1 3 1 
28 9993 3 3 1 
29 9993 3 3 1 
30 9990 6 3 1 
31 9990 6 3 1 
32 9988 8 3 1 
33 9988 8 2 2 
34 9988 8 0 4 
35 9988 8 0 4 
36 9988 8 0 4 
37 9988 7 1 4 
38 9987 6 3 4 
39 9984 9 3 4 
40 9983 7 6 4 
41 9980 10 6 4 
42 9975 13 8 4 
43 9973 15 8 4 
44 9970 18 7 5 
45 9970 18 5 7 
46 9970 18 5 7 
47 9970 18 2 10 
48 9970 17 3 10 
49 9968 16 4 12 
50 9966 17 5 12 
51 9966 14 8 12 
52 9965 10 13 12 
53 9965 8 15 12 
54 9965 5 18 12 
55 9965 5 17 13 
56 9963 7 14 16 
57 9962 8 13 17 
58 9961 9 10 20 
59 9959 9 7 25 
60 9958 8 7 27 
61 9958 8 4 30 
62 9957 8 5 30 
63 9957 8 5 30 
64 9956 9 5 30 
65 9955 10 5 30 
66 9955 8 5 32 
67 9955 7 4 34 
68 9955 6 5 34 
69 9954 5 6 35 
70 9953 5 7 35 
71 9953 5 7 35 
72 9952 5 8 35 
73 9950 7 6 37 
74 9950 6 6 38 
75 9950 5 6 39 
76 9949 6 4 41 
77 9949 6 3 42 
78 9949 6 3 42 
79 9949 5 3 43 
80 9949 4 4 43 
81 9949 4 3 44 
82 9948 4 3 45 
83 9946 4 5 45 
84 9946 4 5 45 
85 9946 4 5 45 
86 9946 3 5 46 
87 9944 5 4 47 
88 9944 5 4 47 
89 9944 5 3 48 
90 9943 6 1 50 
91 9943 6 1 50 
92 9943 5 2 50 
93 9943 3 3 51 
94 9941 5 3 51 
95 9941 5 3 51 
96 9941 5 3 51 
97 9941 3 5 51 
98 9941 3 5 51 
99 9941 3 4 52 
100 9940 3 3 54 
101 9940 3 3 54 
102 9940 3 3 54 
103 9940 3 3 54 
104 9940 1 3 56 
105 9940 1 3 56 
106 9940 1 3 56 
107 9940 1 2 57 
108 9940 1 2 57 
109 9940 1 2 57 
110 9940 0 3 57 
111 9940 0 1 59 
112 9940 0 1 59 
113 9940 0 1 59 
114 9940 0 1 59 
115 9940 0 1 59 
116 9940 0 1 59 
117 9940 0 0 60 
118 9940 0 0 60 
119 9940 0 0 60 
120 9940 0 0 60 
121 9940 0 0 60 
122 9940 0 0 60 
123 9940 0 0 60 
124 9940 0 0 60 
125 9940 0 0 60 
126 9940 0 0 60 
127 9940 0 0 60 
128 9940 0 0 60 
129 9940 0 0 60 
