0 9993 2 5 0 
1 9990 5 5 0 
2 9985 10 5 0 
3 9983 12 5 0 
4 9981 14 5 0 
5 9980 15 5 0 
6 9975 20 5 0 
7 9975 20 5 0 
8 9975 20 0 5 
9 9975 20 0 5 
10 9975 20 0 5 
11 9975 15 5 5 
12 9972 13 10 5 
13 9968 15 12 5 
14 9963 18 14 5 
15 9955 25 15 5 
16 9954 21 20 5 
17 9946 29 20 5 
18 9940 35 15 10 
19 9938 37 10 15 
20 9937 38 8 17 
21 9935 40 6 19 
22 9934 38 8 20 
23 9929 39 7 25 
24 9926 37 12 25 
25 9920 35 20 25 
26 9910 44 21 25 
27 9906 40 29 25 
28 9899 41 35 25 
29 9890 48 34 28 
30 9881 56 31 32 
31 9873 62 28 37 
32 9868 66 21 45 
33 9863 66 25 46 
34 9856 70 20 54 
35 9850 70 20 60 
36 9844 66 28 62 
37 9836 70 31 63 
38 9826 73 36 65 
39 9822 68 44 66 
40 9805 76 48 71 
41 9795 78 53 74 
42 9776 92 52 80 
43 9761 102 47 90 
44 9739 117 50 94 
45 9729 121 49 101 
46 9720 124 46 110 
47 9709 127 45 119 
48 9692 134 47 127 
49 9679 143 46 132 
50 9669 136 58 137 
51 9661 134 61 144 
52 9655 121 74 150 
53 9647 114 83 156 
54 9643 96 97 164 
55 9639 90 97 174 
56 9634 86 102 178 
57 9628 81 96 195 
58 9626 66 103 205 
59 9618 61 97 224 
60 9617 52 92 239 
61 9612 49 78 261 
62 9608 47 74 271 
63 9607 40 73 280 
64 9602 41 66 291 
65 9597 42 53 308 
66 9591 43 45 321 
67 9584 44 41 331 
68 9578 48 35 339 
69 9575 43 37 345 
70 9572 45 30 353 
71 9570 42 31 357 
72 9567 41 31 361 
73 9566 41 27 366 
74 9560 42 26 372 
75 9558 39 29 374 
76 9556 35 27 382 
77 9550 34 33 383 
78 9545 33 34 388 
79 9541 34 33 392 
80 9537 35 35 393 
81 9535 35 32 398 
82 9530 37 30 403 
83 9529 37 25 409 
84 9526 34 24 416 
85 9523 35 20 422 
86 9522 34 19 425 
87 9520 30 22 428 
88 9517 28 25 430 
89 9514 27 26 433 
90 9513 24 29 434 
91 9512 23 25 440 
92 9511 19 28 442 
93 9508 21 27 444 
94 9506 20 24 450 
95 9505 18 22 455 
96 9504 18 19 459 
97 9502 18 17 463 
98 9500 17 18 465 
99 9500 14 16 470 
100 9498 15 16 471 
101 9498 14 14 474 
102 9498 13 12 477 
103 9498 10 14 478 
104 9495 11 14 480 
105 9495 10 12 483 
106 9492 12 10 486 
107 9492 10 11 487 
108 9492 8 12 488 
109 9492 8 11 489 
110 9492 6 10 492 
111 9492 6 8 494 
112 9491 7 7 495 
113 9491 7 6 496 
114 9491 4 7 498 
115 9491 4 5 500 
116 9491 1 8 500 
117 9490 2 6 502 
118 9490 2 6 502 
119 9489 3 6 502 
120 9489 3 6 502 
121 9489 3 3 505 
122 9489 2 4 505 
123 9489 2 1 508 
124 9489 2 1 508 
125 9489 2 1 508 
126 9489 2 1 508 
127 9489 1 2 508 
128 9489 1 2 508 
129 9488 1 2 509 
130 9487 2 2 509 
131 9487 2 2 509 
132 9486 3 2 509 
133 9486 3 2 509 
134 9486 3 1 510 
135 9486 3 1 510 
136 9486 3 0 511 
137 9486 3 0 511 
138 9486 3 0 511 
139 9486 2 1 511 
140 9485 2 2 511 
141 9485 2 2 511 
142 9485 1 3 511 
143 9485 1 3 511 
144 9485 1 3 511 
145 9484 2 3 511 
146 9484 2 2 512 
147 9484 2 1 513 
148 9484 2 1 513 
149 9484 2 0 514 
150 9484 1 1 514 
151 9484 1 1 514 
152 9484 1 1 514 
153 9484 1 1 514 
154 9484 1 1 514 
155 9484 0 2 514 
156 9484 0 2 514 
157 9483 1 1 515 
158 9483 1 1 515 
159 9483 1 1 515 
160 9483 1 1 515 
161 9483 1 1 515 
162 9483 1 0 516 
163 9483 1 0 516 
164 9483 1 0 516 
165 9483 1 0 516 
166 9483 1 0 516 
167 9483 0 1 516 
168 9483 0 1 516 
169 9483 0 1 516 
170 9483 0 1 516 
171 9483 0 1 516 
172 9483 0 1 516 
173 9483 0 1 516 
174 9483 0 0 517 
175 9483 0 0 517 
176 9483 0 0 517 
177 9483 0 0 517 
178 9483 0 0 517 
179 9483 0 0 517 
180 9483 0 0 517 
181 9483 0 0 517 
182 9483 0 0 517 
183 9483 0 0 517 
184 9483 0 0 517 
185 9483 0 0 517 
186 9483 0 0 517 
