0 9993 3 4 0 
1 9991 5 4 0 
2 9988 8 4 0 
3 9988 8 4 0 
4 9988 8 4 0 
5 9988 8 4 0 
6 9987 9 4 0 
7 9984 12 4 0 
8 9983 13 0 4 
9 9983 13 0 4 
10 9983 13 0 4 
11 9983 8 5 4 
12 9978 10 8 4 
13 9974 14 8 4 
14 9968 20 8 4 
15 9965 23 8 4 
16 9963 24 9 4 
17 9961 23 12 4 
18 9958 25 8 9 
19 9954 29 5 12 
20 9954 29 5 12 
21 9951 32 5 12 
22 9950 28 10 12 
23 9946 28 13 13 
24 9944 24 16 16 
25 9938 27 18 17 
26 9934 29 20 17 
27 9928 33 22 17 
28 9922 36 25 17 
29 9913 41 24 22 
30 9907 47 20 26 
31 9900 51 17 32 
32 9894 56 15 35 
33 9891 55 17 37 
34 9885 59 17 39 
35 9880 58 20 42 
36 9874 60 20 46 
37 9867 61 26 46 
38 9861 61 29 49 
39 9855 58 37 50 
40 9844 63 39 54 
41 9831 69 44 56 
42 9822 72 44 62 
43 9810 81 43 66 
44 9803 82 43 72 
45 9792 88 42 78 
46 9782 92 39 87 
47 9773 94 40 93 
48 9762 99 39 100 
49 9751 104 39 106 
50 9746 98 47 109 
51 9741 90 54 115 
52 9739 83 58 120 
53 9737 73 64 126 
54 9736 67 64 133 
55 9732 60 69 139 
56 9730 52 73 145 
57 9724 49 71 156 
58 9722 40 69 169 
59 9719 32 71 178 
60 9716 30 64 190 
61 9710 31 62 197 
62 9708 31 53 208 
63 9706 31 45 218 
64 9705 31 37 227 
65 9701 31 30 238 
66 9696 34 21 249 
67 9693 31 22 254 
68 9692 30 19 259 
69 9690 29 20 261 
70 9685 31 21 263 
71 9683 27 26 264 
72 9681 27 24 268 
73 9680 26 24 270 
74 9680 25 19 276 
75 9679 22 21 278 
76 9679 17 23 281 
77 9677 16 23 284 
78 9675 17 18 290 
79 9675 15 18 292 
80 9671 14 21 294 
81 9671 12 22 295 
82 9670 11 20 299 
83 9666 14 16 304 
84 9664 16 13 307 
85 9663 16 13 308 
86 9663 16 11 310 
87 9661 16 8 315 
88 9659 16 8 317 
89 9659 16 6 319 
90 9659 12 9 320 
91 9659 12 9 320 
92 9657 13 9 321 
93 9656 10 13 321 
94 9654 10 13 323 
95 9653 10 12 325 
96 9652 11 12 325 
97 9652 9 10 329 
98 9652 7 12 329 
99 9649 10 11 330 
100 9648 11 7 334 
101 9647 12 5 336 
102 9647 10 6 337 
103 9647 9 7 337 
104 9647 7 7 339 
105 9645 8 6 341 
106 9644 8 7 341 
107 9642 10 7 341 
108 9642 10 7 341 
109 9641 8 8 343 
110 9641 7 8 344 
111 9641 6 7 346 
112 9640 7 6 347 
113 9640 7 5 348 
114 9639 8 5 348 
115 9639 6 7 348 
116 9638 6 5 351 
117 9637 5 6 352 
118 9637 5 5 353 
119 9637 4 6 353 
120 9635 6 6 353 
121 9635 6 6 353 
122 9635 5 5 355 
123 9634 6 4 356 
124 9633 6 3 358 
125 9633 6 3 358 
126 9633 5 3 359 
127 9632 5 4 359 
128 9632 5 4 359 
129 9632 5 3 360 
130 9632 3 5 360 
131 9632 3 4 361 
132 9631 4 4 361 
133 9630 4 4 362 
134 9629 4 4 363 
135 9629 4 4 363 
136 9629 4 4 363 
137 9629 3 3 365 
138 9629 3 3 365 
139 9629 3 3 365 
140 9629 3 2 366 
141 9628 4 1 367 
142 9628 3 2 367 
143 9628 2 3 367 
144 9628 1 3 368 
145 9628 1 3 368 
146 9628 1 3 368 
147 9628 1 3 368 
148 9628 1 3 368 
149 9628 1 2 369 
150 9628 1 1 370 
151 9628 0 1 371 
152 9628 0 1 371 
153 9628 0 1 371 
154 9628 0 1 371 
155 9628 0 1 371 
156 9628 0 1 371 
157 9628 0 1 371 
158 9628 0 0 372 
159 9628 0 0 372 
160 9628 0 0 372 
161 9628 0 0 372 
162 9628 0 0 372 
163 9628 0 0 372 
164 9628 0 0 372 
165 9628 0 0 372 
166 9628 0 0 372 
167 9628 0 0 372 
168 9628 0 0 372 
169 9628 0 0 372 
170 9628 0 0 372 
