0 9996 1 3 0 
1 9995 2 3 0 
2 9994 3 3 0 
3 9994 3 3 0 
4 9993 4 3 0 
5 9990 7 3 0 
6 9988 9 3 0 
7 9987 10 3 0 
8 9987 10 0 3 
9 9987 10 0 3 
10 9987 10 0 3 
11 9987 8 2 3 
12 9985 9 3 3 
13 9985 9 3 3 
14 9985 8 4 3 
15 9982 8 7 3 
16 9977 11 9 3 
17 9969 18 10 3 
18 9966 21 8 5 
19 9965 22 7 6 
20 9964 23 7 6 
21 9963 24 6 7 
22 9963 22 5 10 
23 9961 24 3 12 
24 9959 26 2 13 
25 9959 23 5 13 
26 9958 19 10 13 
27 9953 16 18 13 
28 9946 20 21 13 
29 9935 30 20 15 
30 9926 38 21 15 
31 9922 41 22 15 
32 9918 45 19 18 
33 9916 45 16 23 
34 9915 44 10 31 
35 9913 46 7 34 
36 9911 47 7 35 
37 9910 43 11 36 
38 9905 41 17 37 
39 9903 32 28 37 
40 9894 32 35 39 
41 9885 37 37 41 
42 9873 45 41 41 
43 9860 56 42 42 
44 9850 65 38 47 
45 9845 68 33 54 
46 9840 71 24 65 
47 9831 79 16 74 
48 9829 76 17 78 
49 9824 79 15 82 
50 9818 76 22 84 
51 9815 70 30 85 
52 9813 60 40 87 
53 9811 49 51 89 
54 9807 43 60 90 
55 9806 39 60 95 
56 9805 35 63 97 
57 9804 27 63 106 
58 9802 27 56 115 
59 9801 23 49 127 
60 9797 21 42 140 
61 9795 20 35 150 
62 9790 23 32 155 
63 9788 23 29 160 
64 9787 20 24 169 
65 9786 20 23 171 
66 9785 20 19 176 
67 9783 21 14 182 
68 9783 19 13 185 
69 9783 18 12 187 
70 9782 15 14 189 
71 9782 13 12 193 
72 9781 9 16 194 
73 9779 9 17 195 
74 9775 12 17 196 
75 9773 13 16 198 
76 9772 13 16 199 
77 9770 13 14 203 
78 9768 15 12 205 
79 9768 15 7 210 
80 9768 14 6 212 
81 9768 14 5 213 
82 9768 13 5 214 
83 9768 11 6 215 
84 9766 9 8 217 
85 9765 8 10 217 
86 9764 8 11 217 
87 9764 6 12 218 
88 9764 4 14 218 
89 9763 5 13 219 
90 9762 6 11 221 
91 9762 6 7 225 
92 9761 7 5 227 
93 9761 7 4 228 
94 9761 5 4 230 
95 9761 4 3 232 
96 9760 4 4 232 
97 9759 5 4 232 
98 9759 5 4 232 
99 9758 5 5 232 
100 9758 4 6 232 
101 9757 5 4 234 
102 9757 4 4 235 
103 9757 4 3 236 
104 9757 4 3 236 
105 9757 4 3 236 
106 9757 3 3 237 
107 9757 2 3 238 
108 9757 2 3 238 
109 9757 1 3 239 
110 9757 1 3 239 
111 9757 0 4 239 
112 9757 0 4 239 
113 9757 0 3 240 
114 9757 0 2 241 
115 9757 0 2 241 
116 9757 0 1 242 
117 9757 0 1 242 
118 9757 0 0 243 
119 9757 0 0 243 
120 9757 0 0 243 
121 9757 0 0 243 
122 9757 0 0 243 
123 9757 0 0 243 
124 9757 0 0 243 
125 9757 0 0 243 
126 9757 0 0 243 
127 9757 0 0 243 
128 9757 0 0 243 
129 9757 0 0 243 
130 9757 0 0 243 
