0 9996 1 3 0 
1 9994 3 3 0 
2 9993 4 3 0 
3 9992 5 3 0 
4 9988 9 3 0 
5 9987 10 3 0 
6 9987 10 3 0 
7 9986 11 3 0 
8 9985 12 0 3 
9 9985 12 0 3 
10 9985 12 0 3 
11 9985 9 3 3 
12 9984 9 4 3 
13 9982 10 5 3 
14 9978 10 9 3 
15 9975 12 10 3 
16 9972 15 10 3 
17 9965 21 11 3 
18 9963 22 9 6 
19 9962 23 8 7 
20 9959 26 7 8 
21 9958 27 3 12 
22 9957 27 3 13 
23 9956 26 5 13 
24 9954 24 8 14 
25 9953 22 10 15 
26 9949 23 13 15 
27 9943 22 20 15 
28 9939 24 22 15 
29 9930 32 22 16 
30 9926 33 23 18 
31 9918 40 20 22 
32 9914 43 18 25 
33 9911 45 16 28 
34 9911 43 11 35 
35 9905 48 10 37 
36 9903 46 13 38 
37 9898 45 16 41 
38 9895 44 19 42 
39 9891 39 27 43 
40 9883 43 30 44 
41 9870 48 36 46 
42 9863 51 39 47 
43 9854 57 38 51 
44 9846 65 32 57 
45 9838 67 34 61 
46 9826 77 27 70 
47 9818 80 28 74 
48 9808 87 23 82 
49 9803 88 23 86 
50 9797 86 28 89 
51 9793 77 41 89 
52 9790 73 42 95 
53 9788 66 49 97 
54 9786 60 52 102 
55 9780 58 57 105 
56 9776 50 65 109 
57 9772 46 65 117 
58 9768 40 62 130 
59 9766 37 60 137 
60 9765 32 57 146 
61 9763 30 53 154 
62 9761 29 48 162 
63 9760 28 38 174 
64 9759 27 32 182 
65 9757 23 28 192 
66 9757 19 27 197 
67 9757 15 25 203 
68 9754 14 25 207 
69 9751 15 24 210 
70 9746 19 23 212 
71 9744 19 23 214 
72 9743 18 19 220 
73 9739 21 16 224 
74 9738 21 13 228 
75 9737 20 11 232 
76 9736 21 9 234 
77 9734 23 8 235 
78 9732 22 9 237 
79 9732 19 10 239 
80 9731 15 14 240 
81 9731 13 15 241 
82 9730 13 14 243 
83 9729 10 18 243 
84 9728 10 19 243 
85 9728 9 17 246 
86 9725 11 15 249 
87 9725 9 12 254 
88 9725 7 12 256 
89 9725 7 11 257 
90 9724 7 8 261 
91 9724 7 7 262 
92 9724 6 7 263 
93 9724 5 7 264 
94 9724 4 6 266 
95 9724 4 4 268 
96 9724 1 7 268 
97 9724 1 6 269 
98 9723 2 6 269 
99 9723 2 5 270 
100 9722 2 5 271 
101 9722 2 4 272 
102 9722 2 4 272 
103 9722 2 1 275 
104 9722 2 1 275 
105 9722 2 1 275 
106 9722 2 1 275 
107 9722 2 0 276 
108 9722 1 1 276 
109 9722 1 1 276 
110 9722 0 2 276 
111 9722 0 2 276 
112 9721 1 2 276 
113 9721 1 2 276 
114 9721 1 2 276 
115 9721 1 1 277 
116 9721 1 1 277 
117 9721 1 0 278 
118 9721 1 0 278 
119 9721 1 0 278 
120 9721 1 0 278 
121 9721 1 0 278 
122 9721 0 1 278 
123 9721 0 1 278 
124 9721 0 1 278 
125 9720 1 1 278 
126 9720 1 1 278 
127 9720 1 1 278 
128 9720 1 1 278 
129 9720 1 0 279 
130 9720 1 0 279 
131 9720 1 0 279 
132 9720 1 0 279 
133 9720 1 0 279 
134 9720 1 0 279 
135 9720 0 1 279 
136 9719 1 1 279 
137 9719 1 1 279 
138 9719 1 1 279 
139 9719 1 1 279 
140 9719 1 1 279 
141 9719 1 1 279 
142 9719 1 0 280 
143 9719 1 0 280 
144 9719 1 0 280 
145 9719 1 0 280 
146 9719 0 1 280 
147 9719 0 1 280 
148 9719 0 1 280 
149 9719 0 1 280 
150 9719 0 1 280 
151 9719 0 1 280 
152 9719 0 1 280 
153 9719 0 0 281 
154 9719 0 0 281 
155 9719 0 0 281 
156 9719 0 0 281 
157 9719 0 0 281 
158 9719 0 0 281 
159 9719 0 0 281 
160 9719 0 0 281 
161 9719 0 0 281 
162 9719 0 0 281 
163 9719 0 0 281 
164 9719 0 0 281 
165 9719 0 0 281 
