0 9994 2 4 0 
1 9991 5 4 0 
2 9987 9 4 0 
3 9986 10 4 0 
4 9986 10 4 0 
5 9985 11 4 0 
6 9984 12 4 0 
7 9984 12 4 0 
8 9982 14 0 4 
9 9982 14 0 4 
10 9982 14 0 4 
11 9982 9 5 4 
12 9979 8 9 4 
13 9976 10 10 4 
14 9971 15 10 4 
15 9969 16 11 4 
16 9967 17 12 4 
17 9965 19 12 4 
18 9964 18 9 9 
19 9962 20 5 13 
20 9960 22 4 14 
21 9960 22 4 14 
22 9959 20 6 15 
23 9955 21 8 16 
24 9952 19 13 16 
25 9950 19 13 18 
26 9946 21 15 18 
27 9944 21 17 18 
28 9937 27 18 18 
29 9935 27 17 21 
30 9930 30 16 24 
31 9930 30 11 29 
32 9930 29 10 31 
33 9926 29 12 33 
34 9919 33 13 35 
35 9916 34 14 36 
36 9912 34 16 38 
37 9910 34 16 40 
38 9909 28 23 40 
39 9905 30 24 41 
40 9896 34 25 45 
41 9893 37 22 48 
42 9888 42 20 50 
43 9884 42 20 54 
44 9882 37 25 56 
45 9877 39 21 63 
46 9873 39 23 65 
47 9870 40 20 70 
48 9868 41 21 70 
49 9859 46 25 70 
50 9856 40 30 74 
51 9851 42 26 81 
52 9848 40 28 84 
53 9846 38 28 88 
54 9846 36 28 90 
55 9846 31 32 91 
56 9844 29 32 95 
57 9841 29 26 104 
58 9837 31 25 107 
59 9834 25 29 112 
60 9832 24 28 116 
61 9832 19 31 118 
62 9831 17 29 123 
63 9830 16 27 127 
64 9829 17 24 130 
65 9828 18 22 132 
66 9825 19 15 141 
67 9825 16 15 144 
68 9824 13 14 149 
69 9823 11 14 152 
70 9822 10 14 154 
71 9820 12 14 154 
72 9818 13 15 154 
73 9816 14 14 156 
74 9816 13 12 159 
75 9815 13 9 163 
76 9814 11 9 166 
77 9814 11 7 168 
78 9813 11 8 168 
79 9812 11 8 169 
80 9811 11 8 170 
81 9810 10 9 171 
82 9809 9 10 172 
83 9809 7 9 175 
84 9808 8 9 175 
85 9807 8 9 176 
86 9807 7 9 177 
87 9805 9 8 178 
88 9805 8 7 180 
89 9804 8 6 182 
90 9803 8 5 184 
91 9803 7 6 184 
92 9801 8 6 185 
93 9801 8 5 186 
94 9800 8 6 186 
95 9800 7 6 187 
96 9800 7 5 188 
97 9800 5 6 189 
98 9799 6 5 190 
99 9799 5 5 191 
100 9799 4 6 191 
101 9797 6 5 192 
102 9797 4 6 193 
103 9796 5 6 193 
104 9796 4 5 195 
105 9796 4 5 195 
106 9796 4 4 196 
107 9796 4 3 197 
108 9795 4 4 197 
109 9795 4 2 199 
110 9794 5 2 199 
111 9794 3 3 200 
112 9794 3 3 200 
113 9794 2 4 200 
114 9792 4 4 200 
115 9792 4 3 201 
116 9792 4 3 201 
117 9792 4 3 201 
118 9792 3 2 203 
119 9792 3 2 203 
120 9792 2 2 204 
121 9791 3 2 204 
122 9791 3 2 204 
123 9791 3 2 204 
124 9790 2 4 204 
125 9790 2 3 205 
126 9788 4 3 205 
127 9787 5 2 206 
128 9787 5 2 206 
129 9787 5 2 206 
130 9786 6 2 206 
131 9785 6 1 208 
132 9785 6 1 208 
133 9785 6 1 208 
134 9785 5 2 208 
135 9785 5 2 208 
136 9784 4 4 208 
137 9784 3 5 208 
138 9784 3 4 209 
139 9783 4 4 209 
140 9783 3 5 209 
141 9782 3 5 210 
142 9782 3 5 210 
143 9782 3 3 212 
144 9782 3 2 213 
145 9781 4 2 213 
146 9781 3 3 213 
147 9781 3 2 214 
148 9781 3 1 215 
149 9780 3 2 215 
150 9779 4 2 215 
151 9779 3 3 215 
152 9778 4 3 215 
153 9778 4 2 216 
154 9778 4 2 216 
155 9778 3 3 216 
156 9777 4 2 217 
157 9777 4 2 217 
158 9777 4 1 218 
159 9777 3 2 218 
160 9777 2 3 218 
161 9777 2 3 218 
162 9777 1 3 219 
163 9777 1 3 219 
164 9777 1 3 219 
165 9777 1 3 219 
166 9777 0 3 220 
167 9777 0 2 221 
168 9777 0 2 221 
169 9776 1 1 222 
170 9775 2 1 222 
171 9775 2 1 222 
172 9775 2 1 222 
173 9775 2 0 223 
174 9775 2 0 223 
175 9775 2 0 223 
176 9775 2 0 223 
177 9775 2 0 223 
178 9775 2 0 223 
179 9775 1 1 223 
180 9775 0 2 223 
181 9775 0 2 223 
182 9775 0 2 223 
183 9775 0 2 223 
184 9775 0 2 223 
185 9775 0 2 223 
186 9775 0 1 224 
187 9775 0 0 225 
188 9775 0 0 225 
189 9775 0 0 225 
190 9775 0 0 225 
191 9775 0 0 225 
192 9775 0 0 225 
193 9775 0 0 225 
194 9775 0 0 225 
195 9775 0 0 225 
196 9775 0 0 225 
197 9775 0 0 225 
198 9775 0 0 225 
199 9775 0 0 225 
