0 9995 2 3 0 
1 9994 3 3 0 
2 9992 5 3 0 
3 9992 5 3 0 
4 9991 6 3 0 
5 9989 8 3 0 
6 9989 8 3 0 
7 9988 9 3 0 
8 9987 10 0 3 
9 9987 10 0 3 
10 9987 10 0 3 
11 9987 7 3 3 
12 9986 6 5 3 
13 9985 7 5 3 
14 9983 8 6 3 
15 9979 10 8 3 
16 9974 15 8 3 
17 9970 18 9 3 
18 9968 19 7 6 
19 9967 20 5 8 
20 9967 20 5 8 
21 9967 20 4 9 
22 9967 19 3 11 
23 9966 19 4 11 
24 9965 18 5 12 
25 9964 15 8 13 
26 9958 16 13 13 
27 9950 20 17 13 
28 9946 22 19 13 
29 9944 23 19 14 
30 9936 31 18 15 
31 9928 39 16 17 
32 9925 42 12 21 
33 9924 42 8 26 
34 9923 42 5 30 
35 9923 41 4 32 
36 9922 36 9 33 
37 9918 32 17 33 
38 9912 34 21 33 
39 9903 41 23 33 
40 9893 43 30 34 
41 9883 45 37 35 
42 9874 51 39 36 
43 9863 61 34 42 
44 9854 69 27 50 
45 9847 76 23 54 
46 9843 79 22 56 
47 9837 81 18 64 
48 9834 78 16 72 
49 9831 72 22 75 
50 9822 71 31 76 
51 9817 66 40 77 
52 9815 59 49 77 
53 9812 51 59 78 
54 9812 42 64 82 
55 9811 36 65 88 
56 9805 38 60 97 
57 9803 34 56 107 
58 9802 32 49 117 
59 9801 30 43 126 
60 9797 25 41 137 
61 9793 24 37 146 
62 9791 24 32 153 
63 9789 23 31 157 
64 9786 26 25 163 
65 9784 27 23 166 
66 9783 22 26 169 
67 9783 20 19 178 
68 9782 20 15 183 
69 9778 23 14 185 
70 9777 20 15 188 
71 9775 18 19 188 
72 9773 18 20 189 
73 9772 17 16 195 
74 9771 15 17 197 
75 9769 15 18 198 
76 9768 15 18 199 
77 9765 18 14 203 
78 9764 18 11 207 
79 9762 16 13 209 
80 9761 16 12 211 
81 9759 16 11 214 
82 9759 14 11 216 
83 9756 16 11 217 
84 9754 17 12 217 
85 9753 16 13 218 
86 9752 16 10 222 
87 9752 13 12 223 
88 9752 12 11 225 
89 9751 11 11 227 
90 9751 10 11 228 
91 9751 8 12 229 
92 9749 10 10 231 
93 9749 7 12 232 
94 9749 5 11 235 
95 9749 4 11 236 
96 9747 5 10 238 
97 9746 6 9 239 
98 9746 6 7 241 
99 9745 6 8 241 
100 9744 7 5 244 
101 9744 7 3 246 
102 9744 5 4 247 
103 9744 5 3 248 
104 9743 6 3 248 
105 9743 6 3 248 
106 9743 4 4 249 
107 9742 4 5 249 
108 9742 4 5 249 
109 9742 3 4 251 
110 9742 2 5 251 
111 9742 2 5 251 
112 9742 2 5 251 
113 9742 2 3 253 
114 9742 1 3 254 
115 9742 1 3 254 
116 9742 1 2 255 
117 9742 0 2 256 
118 9742 0 2 256 
119 9742 0 2 256 
120 9742 0 2 256 
121 9742 0 1 257 
122 9742 0 1 257 
123 9742 0 1 257 
124 9742 0 0 258 
125 9742 0 0 258 
126 9742 0 0 258 
127 9742 0 0 258 
128 9742 0 0 258 
129 9742 0 0 258 
130 9742 0 0 258 
131 9742 0 0 258 
132 9742 0 0 258 
133 9742 0 0 258 
134 9742 0 0 258 
135 9742 0 0 258 
136 9742 0 0 258 
