0 9997 1 2 0 
1 9996 2 2 0 
2 9995 3 2 0 
3 9993 5 2 0 
4 9989 9 2 0 
5 9989 9 2 0 
6 9989 9 2 0 
7 9988 10 2 0 
8 9988 10 0 2 
9 9988 10 0 2 
10 9988 10 0 2 
11 9988 8 2 2 
12 9986 9 3 2 
13 9986 7 5 2 
14 9983 6 9 2 
15 9978 11 9 2 
16 9975 14 9 2 
17 9971 17 10 2 
18 9969 19 8 4 
19 9968 20 7 5 
20 9966 22 5 7 
21 9966 22 1 11 
22 9966 20 3 11 
23 9964 22 3 11 
24 9963 20 5 12 
25 9961 17 10 12 
26 9956 19 13 12 
27 9951 20 17 12 
28 9946 23 19 12 
29 9939 29 18 14 
30 9934 32 20 14 
31 9932 34 17 17 
32 9929 37 12 22 
33 9927 37 11 25 
34 9927 36 8 29 
35 9922 39 8 31 
36 9918 38 12 32 
37 9910 41 15 34 
38 9905 41 20 34 
39 9896 43 27 34 
40 9884 50 30 36 
41 9873 59 31 37 
42 9865 64 32 39 
43 9860 67 29 44 
44 9853 74 24 49 
45 9848 74 24 54 
46 9843 75 21 61 
47 9841 69 24 66 
48 9834 71 27 68 
49 9821 75 33 71 
50 9810 74 43 73 
51 9807 66 54 73 
52 9800 65 57 78 
53 9798 62 58 82 
54 9795 58 57 90 
55 9791 57 57 95 
56 9788 55 53 104 
57 9787 54 43 116 
58 9787 47 39 127 
59 9787 34 44 135 
60 9784 26 50 140 
61 9782 25 46 147 
62 9777 23 48 152 
63 9773 25 45 157 
64 9769 26 46 159 
65 9766 25 43 166 
66 9765 23 33 179 
67 9761 26 23 190 
68 9756 31 20 193 
69 9753 34 13 200 
70 9753 31 14 202 
71 9751 31 13 205 
72 9750 27 14 209 
73 9750 23 15 212 
74 9748 21 18 213 
75 9745 21 21 213 
76 9739 26 22 213 
77 9738 23 23 216 
78 9738 18 26 218 
79 9737 16 24 223 
80 9737 16 20 227 
81 9737 14 18 231 
82 9737 13 16 234 
83 9735 15 15 235 
84 9734 14 13 239 
85 9733 12 11 244 
86 9733 6 14 247 
87 9732 6 15 247 
88 9730 8 13 249 
89 9730 7 13 250 
90 9730 7 13 250 
91 9730 7 11 252 
92 9730 7 8 255 
93 9730 5 4 261 
94 9730 4 4 262 
95 9730 3 5 262 
96 9729 4 4 263 
97 9729 3 5 263 
98 9729 1 7 263 
99 9728 2 7 263 
100 9727 3 5 265 
101 9726 4 4 266 
102 9724 6 3 267 
103 9724 6 3 267 
104 9723 7 2 268 
105 9723 7 0 270 
106 9723 6 1 270 
107 9723 6 1 270 
108 9723 6 1 270 
109 9723 5 2 270 
110 9723 4 3 270 
111 9722 4 4 270 
112 9722 2 6 270 
113 9722 2 5 271 
114 9722 1 6 271 
115 9722 1 6 271 
116 9720 3 5 272 
117 9718 5 4 273 
118 9718 5 3 274 
119 9718 5 1 276 
120 9718 5 1 276 
121 9718 4 1 277 
122 9718 4 1 277 
123 9718 4 1 277 
124 9718 4 1 277 
125 9718 4 1 277 
126 9718 2 3 277 
127 9718 0 5 277 
128 9718 0 4 278 
129 9718 0 4 278 
130 9718 0 4 278 
131 9718 0 4 278 
132 9717 1 4 278 
133 9717 1 2 280 
134 9717 1 0 282 
135 9717 1 0 282 
136 9717 1 0 282 
137 9717 1 0 282 
138 9717 1 0 282 
139 9717 1 0 282 
140 9717 1 0 282 
141 9717 1 0 282 
142 9717 0 1 282 
143 9717 0 1 282 
144 9717 0 1 282 
145 9717 0 1 282 
146 9717 0 1 282 
147 9717 0 1 282 
148 9717 0 1 282 
149 9717 0 0 283 
150 9717 0 0 283 
151 9717 0 0 283 
152 9717 0 0 283 
153 9717 0 0 283 
154 9717 0 0 283 
155 9717 0 0 283 
156 9717 0 0 283 
157 9717 0 0 283 
158 9717 0 0 283 
159 9717 0 0 283 
160 9717 0 0 283 
161 9717 0 0 283 
