0 9995 2 3 0 
1 9993 4 3 0 
2 9991 6 3 0 
3 9991 6 3 0 
4 9990 7 3 0 
5 9989 8 3 0 
6 9989 8 3 0 
7 9987 10 3 0 
8 9986 11 0 3 
9 9986 11 0 3 
10 9986 11 0 3 
11 9986 7 4 3 
12 9984 7 6 3 
13 9982 9 6 3 
14 9979 11 7 3 
15 9976 13 8 3 
16 9972 17 8 3 
17 9968 19 10 3 
18 9968 18 7 7 
19 9968 18 5 9 
20 9967 19 5 9 
21 9966 20 4 10 
22 9966 18 5 11 
23 9965 17 7 11 
24 9965 14 8 13 
25 9960 16 10 14 
26 9957 15 14 14 
27 9952 16 18 14 
28 9948 20 18 14 
29 9945 23 16 16 
30 9942 25 15 18 
31 9938 28 13 21 
32 9934 32 10 24 
33 9933 32 7 28 
34 9931 34 3 32 
35 9930 30 8 32 
36 9928 29 11 32 
37 9923 29 15 33 
38 9920 28 18 34 
39 9916 29 21 34 
40 9908 34 23 35 
41 9900 38 27 35 
42 9889 45 26 40 
43 9886 47 24 43 
44 9878 53 21 48 
45 9871 59 18 52 
46 9869 59 17 55 
47 9865 58 19 58 
48 9859 61 18 62 
49 9855 61 18 66 
50 9846 62 25 67 
51 9841 59 31 69 
52 9840 49 41 70 
53 9840 46 42 72 
54 9837 41 45 77 
55 9835 36 49 80 
56 9835 34 47 84 
57 9833 32 43 92 
58 9829 30 41 100 
59 9827 28 34 111 
60 9824 22 40 114 
61 9822 19 37 122 
62 9819 21 31 129 
63 9819 21 29 131 
64 9818 19 28 135 
65 9817 18 24 141 
66 9815 20 20 145 
67 9815 18 13 154 
68 9814 15 12 159 
69 9812 15 13 160 
70 9811 13 16 160 
71 9809 13 15 163 
72 9808 11 16 165 
73 9807 12 16 165 
74 9806 12 15 167 
75 9805 12 12 171 
76 9803 12 12 173 
77 9803 12 9 176 
78 9802 12 8 178 
79 9802 10 7 181 
80 9802 9 8 181 
81 9801 8 9 182 
82 9801 7 9 183 
83 9799 8 8 185 
84 9798 8 9 185 
85 9798 7 9 186 
86 9797 6 9 188 
87 9795 8 8 189 
88 9795 7 7 191 
89 9795 7 6 192 
90 9795 7 5 193 
91 9795 6 5 194 
92 9795 6 4 195 
93 9795 4 4 197 
94 9795 3 5 197 
95 9794 4 4 198 
96 9794 3 5 198 
97 9793 2 7 198 
98 9793 2 6 199 
99 9789 6 6 199 
100 9788 7 4 201 
101 9787 8 3 202 
102 9787 8 3 202 
103 9787 8 2 203 
104 9786 9 0 205 
105 9786 8 1 205 
106 9785 9 1 205 
107 9785 8 2 205 
108 9784 9 2 205 
109 9784 5 6 205 
110 9784 4 7 205 
111 9784 3 8 205 
112 9783 4 7 206 
113 9783 4 7 206 
114 9782 4 7 207 
115 9781 5 7 207 
116 9781 4 4 211 
117 9781 4 3 212 
118 9781 3 3 213 
119 9781 3 3 213 
120 9781 3 3 213 
121 9781 3 2 214 
122 9781 2 3 214 
123 9781 2 2 215 
124 9781 1 3 215 
125 9780 1 3 216 
126 9780 1 3 216 
127 9780 1 3 216 
128 9780 1 3 216 
129 9780 1 2 217 
130 9780 1 2 217 
131 9780 1 1 218 
132 9780 1 0 219 
133 9780 1 0 219 
134 9780 1 0 219 
135 9780 0 1 219 
136 9778 2 1 219 
137 9778 2 1 219 
138 9778 2 1 219 
139 9778 2 1 219 
140 9778 2 1 219 
141 9778 2 1 219 
142 9778 2 0 220 
143 9778 2 0 220 
144 9778 2 0 220 
145 9778 2 0 220 
146 9778 0 2 220 
147 9778 0 2 220 
148 9778 0 2 220 
149 9778 0 2 220 
150 9778 0 2 220 
151 9778 0 2 220 
152 9778 0 2 220 
153 9777 1 0 222 
154 9777 1 0 222 
155 9777 1 0 222 
156 9777 1 0 222 
157 9777 1 0 222 
158 9777 1 0 222 
159 9777 1 0 222 
160 9777 1 0 222 
161 9777 1 0 222 
162 9777 1 0 222 
163 9777 0 1 222 
164 9777 0 1 222 
165 9777 0 1 222 
166 9777 0 1 222 
167 9777 0 1 222 
168 9777 0 1 222 
169 9777 0 1 222 
170 9777 0 0 223 
171 9777 0 0 223 
172 9777 0 0 223 
173 9777 0 0 223 
174 9777 0 0 223 
175 9777 0 0 223 
176 9777 0 0 223 
177 9777 0 0 223 
178 9777 0 0 223 
179 9777 0 0 223 
180 9777 0 0 223 
181 9777 0 0 223 
182 9777 0 0 223 
