0 9995 2 3 0 
1 9994 3 3 0 
2 9992 5 3 0 
3 9989 8 3 0 
4 9985 12 3 0 
5 9985 12 3 0 
6 9985 12 3 0 
7 9985 12 3 0 
8 9985 12 0 3 
9 9985 12 0 3 
10 9985 12 0 3 
11 9985 9 3 3 
12 9982 10 5 3 
13 9980 9 8 3 
14 9978 7 12 3 
15 9972 13 12 3 
16 9970 15 12 3 
17 9967 18 12 3 
18 9964 21 9 6 
19 9963 22 7 8 
20 9962 23 4 11 
21 9961 24 0 15 
22 9961 21 3 15 
23 9960 20 5 15 
24 9959 19 7 15 
25 9957 15 13 15 
26 9952 18 15 15 
27 9948 19 18 15 
28 9940 24 21 15 
29 9938 25 19 18 
30 9933 29 18 20 
31 9930 31 17 22 
32 9926 35 11 28 
33 9924 36 10 30 
34 9921 38 8 33 
35 9919 38 7 36 
36 9913 39 11 37 
37 9911 37 14 38 
38 9906 34 21 39 
39 9897 41 23 39 
40 9889 44 27 40 
41 9873 57 29 41 
42 9867 59 31 43 
43 9863 61 28 48 
44 9859 62 27 52 
45 9851 68 21 60 
46 9846 67 25 62 
47 9837 74 22 67 
48 9834 72 24 70 
49 9830 67 29 74 
50 9816 73 35 76 
51 9814 59 48 79 
52 9812 55 52 81 
53 9808 55 50 87 
54 9807 52 52 89 
55 9803 48 55 94 
56 9802 44 51 103 
57 9801 36 52 111 
58 9800 34 39 127 
59 9798 32 37 133 
60 9795 21 47 137 
61 9792 22 45 141 
62 9791 21 39 149 
63 9790 18 38 154 
64 9787 20 30 163 
65 9785 18 31 166 
66 9783 19 28 170 
67 9780 21 15 184 
68 9777 23 14 186 
69 9776 22 14 188 
70 9774 21 13 192 
71 9773 19 15 193 
72 9772 19 12 197 
73 9772 18 12 198 
74 9770 17 14 199 
75 9768 17 15 200 
76 9766 17 15 202 
77 9765 15 15 205 
78 9764 13 15 208 
79 9763 13 15 209 
80 9763 11 16 210 
81 9760 13 14 213 
82 9760 12 13 215 
83 9759 13 11 217 
84 9758 12 10 220 
85 9756 12 9 223 
86 9756 10 10 224 
87 9755 10 9 226 
88 9754 10 9 227 
89 9753 10 9 228 
90 9753 10 9 228 
91 9753 7 10 230 
92 9753 7 8 232 
93 9753 6 7 234 
94 9751 7 7 235 
95 9751 5 8 236 
96 9751 5 7 237 
97 9750 5 8 237 
98 9749 5 6 240 
99 9749 4 7 240 
100 9749 4 6 241 
101 9749 4 5 242 
102 9749 4 3 244 
103 9749 4 3 244 
104 9748 3 4 245 
105 9748 3 3 246 
106 9748 3 2 247 
107 9747 3 3 247 
108 9747 2 4 247 
109 9746 3 4 247 
110 9746 3 4 247 
111 9746 3 2 249 
112 9746 3 2 249 
113 9746 3 2 249 
114 9746 2 2 250 
115 9744 4 1 251 
116 9744 4 1 251 
117 9744 3 2 251 
118 9744 3 2 251 
119 9744 2 3 251 
120 9744 2 3 251 
121 9744 2 2 252 
122 9744 2 2 252 
123 9744 2 2 252 
124 9744 2 1 253 
125 9744 0 3 253 
126 9744 0 2 254 
127 9743 1 2 254 
128 9743 1 2 254 
129 9742 2 2 254 
130 9742 2 2 254 
131 9742 2 2 254 
132 9742 2 0 256 
133 9742 2 0 256 
134 9742 2 0 256 
135 9742 2 0 256 
136 9742 2 0 256 
137 9742 1 1 256 
138 9741 2 1 256 
139 9741 1 2 256 
140 9740 2 2 256 
141 9740 2 2 256 
142 9740 2 2 256 
143 9740 2 2 256 
144 9740 2 1 257 
145 9740 2 1 257 
146 9740 2 0 258 
147 9740 2 0 258 
148 9740 1 1 258 
149 9739 2 1 258 
150 9739 1 2 258 
151 9739 1 2 258 
152 9739 1 2 258 
153 9739 1 2 258 
154 9739 1 2 258 
155 9739 1 1 259 
156 9739 1 1 259 
157 9739 1 0 260 
158 9739 1 0 260 
159 9739 0 1 260 
160 9738 1 1 260 
161 9738 1 1 260 
162 9738 1 1 260 
163 9737 2 1 260 
164 9737 2 1 260 
165 9737 2 1 260 
166 9737 2 0 261 
167 9737 2 0 261 
168 9737 2 0 261 
169 9737 2 0 261 
170 9737 1 1 261 
171 9737 1 1 261 
172 9737 1 1 261 
173 9737 0 2 261 
174 9737 0 2 261 
175 9737 0 2 261 
176 9737 0 2 261 
177 9737 0 1 262 
178 9737 0 1 262 
179 9737 0 1 262 
180 9737 0 0 263 
181 9737 0 0 263 
182 9737 0 0 263 
183 9737 0 0 263 
184 9737 0 0 263 
185 9737 0 0 263 
186 9737 0 0 263 
187 9737 0 0 263 
188 9737 0 0 263 
189 9737 0 0 263 
190 9737 0 0 263 
191 9737 0 0 263 
192 9737 0 0 263 
