0 9999 1 0 0 
1 9999 1 0 0 
2 9999 1 0 0 
3 9999 1 0 0 
4 9999 1 0 0 
5 9999 1 0 0 
6 9999 1 0 0 
7 9999 1 0 0 
8 9999 1 0 0 
9 9999 1 0 0 
10 9999 1 0 0 
11 9999 0 1 0 
12 9998 1 1 0 
13 9996 3 1 0 
14 9996 3 1 0 
15 9996 3 1 0 
16 9996 3 1 0 
17 9996 3 1 0 
18 9996 3 0 1 
19 9996 3 0 1 
20 9996 3 0 1 
21 9996 3 0 1 
22 9996 2 1 1 
23 9995 1 3 1 
24 9993 3 3 1 
25 9993 3 3 1 
26 9992 4 3 1 
27 9990 6 3 1 
28 9990 6 3 1 
29 9990 6 2 2 
30 9990 6 0 4 
31 9990 6 0 4 
32 9990 6 0 4 
33 9990 5 1 4 
34 9990 3 3 4 
35 9989 4 3 4 
36 9988 4 4 4 
37 9987 3 6 4 
38 9985 5 6 4 
39 9984 6 6 4 
40 9984 6 5 5 
41 9982 8 3 7 
42 9982 8 3 7 
43 9981 9 2 8 
44 9981 9 0 10 
45 9981 8 1 10 
46 9981 7 2 10 
47 9979 8 3 10 
48 9979 6 5 10 
49 9977 7 6 10 
50 9974 10 6 10 
51 9974 8 8 10 
52 9974 8 7 11 
53 9974 7 7 12 
54 9974 7 6 13 
55 9974 7 4 15 
56 9974 7 3 16 
57 9974 5 5 16 
58 9974 5 3 18 
59 9974 3 5 18 
60 9974 0 7 19 
61 9974 0 7 19 
62 9974 0 7 19 
63 9974 0 7 19 
64 9974 0 5 21 
65 9974 0 5 21 
66 9974 0 3 23 
67 9974 0 0 26 
68 9974 0 0 26 
69 9974 0 0 26 
70 9974 0 0 26 
71 9974 0 0 26 
72 9974 0 0 26 
73 9974 0 0 26 
74 9974 0 0 26 
75 9974 0 0 26 
76 9974 0 0 26 
77 9974 0 0 26 
78 9974 0 0 26 
79 9974 0 0 26 
