0 9997 3 0 0 
1 9997 3 0 0 
2 9997 3 0 0 
3 9997 3 0 0 
4 9997 3 0 0 
5 9997 3 0 0 
6 9997 3 0 0 
7 9997 3 0 0 
8 9997 3 0 0 
9 9997 3 0 0 
10 9997 3 0 0 
11 9997 0 3 0 
12 9996 1 3 0 
13 9994 3 3 0 
14 9991 6 3 0 
15 9991 6 3 0 
16 9991 6 3 0 
17 9990 7 3 0 
18 9990 7 0 3 
19 9990 7 0 3 
20 9990 7 0 3 
21 9990 7 0 3 
22 9990 6 1 3 
23 9990 4 3 3 
24 9989 2 6 3 
25 9987 4 6 3 
26 9981 10 6 3 
27 9979 11 7 3 
28 9977 13 7 3 
29 9974 16 6 4 
30 9973 17 4 6 
31 9972 18 1 9 
32 9972 18 1 9 
33 9972 18 1 9 
34 9972 17 1 10 
35 9971 16 3 10 
36 9969 12 9 10 
37 9965 14 11 10 
38 9963 14 13 10 
39 9956 18 16 10 
40 9952 21 17 10 
41 9950 22 17 11 
42 9944 28 15 13 
43 9942 30 9 19 
44 9937 35 7 21 
45 9935 36 6 23 
46 9933 36 5 26 
47 9933 32 8 27 
48 9928 35 9 28 
49 9925 31 16 28 
50 9918 34 20 28 
51 9918 32 22 28 
52 9918 26 27 29 
53 9918 24 27 31 
54 9918 19 28 35 
55 9918 17 28 37 
56 9918 15 23 44 
57 9918 15 19 48 
58 9918 10 22 50 
59 9918 7 19 56 
60 9918 0 24 58 
61 9918 0 19 63 
62 9918 0 17 65 
63 9918 0 15 67 
64 9918 0 15 67 
65 9918 0 10 72 
66 9918 0 7 75 
67 9918 0 0 82 
68 9918 0 0 82 
69 9918 0 0 82 
70 9918 0 0 82 
71 9918 0 0 82 
72 9918 0 0 82 
73 9918 0 0 82 
74 9918 0 0 82 
75 9918 0 0 82 
76 9918 0 0 82 
77 9918 0 0 82 
78 9918 0 0 82 
79 9918 0 0 82 
