0 9997 0 3 0 
1 9995 2 3 0 
2 9994 3 3 0 
3 9991 6 3 0 
4 9991 6 3 0 
5 9990 7 3 0 
6 9989 8 3 0 
7 9987 10 3 0 
8 9987 10 0 3 
9 9987 10 0 3 
10 9987 10 0 3 
11 9987 8 2 3 
12 9987 7 3 3 
13 9985 6 6 3 
14 9983 8 6 3 
15 9983 7 7 3 
16 9981 8 8 3 
17 9977 10 10 3 
18 9972 15 8 5 
19 9969 18 7 6 
20 9968 19 4 9 
21 9968 19 4 9 
22 9968 19 3 10 
23 9968 17 4 11 
24 9967 16 4 13 
25 9965 18 4 13 
26 9965 16 6 13 
27 9962 15 10 13 
28 9960 12 15 13 
29 9950 19 18 13 
30 9943 25 17 15 
31 9937 31 15 17 
32 9934 34 15 17 
33 9933 35 13 19 
34 9928 39 10 23 
35 9927 38 7 28 
36 9922 43 4 31 
37 9919 43 6 32 
38 9918 42 8 32 
39 9918 32 18 32 
40 9907 36 25 32 
41 9896 41 30 33 
42 9891 43 31 35 
43 9882 51 32 35 
44 9877 51 34 38 
45 9869 58 33 40 
46 9867 55 28 50 
47 9860 59 24 57 
48 9852 66 19 63 
49 9846 72 16 66 
50 9842 65 26 67 
51 9842 54 32 72 
52 9842 49 36 73 
53 9842 40 40 78 
54 9842 35 42 81 
55 9842 27 49 82 
56 9842 25 51 82 
57 9842 18 47 93 
58 9842 10 44 104 
59 9842 4 45 109 
60 9842 0 40 118 
61 9842 0 35 123 
62 9842 0 27 131 
63 9842 0 25 133 
64 9842 0 18 140 
65 9842 0 10 148 
66 9842 0 4 154 
67 9842 0 0 158 
68 9842 0 0 158 
69 9842 0 0 158 
70 9842 0 0 158 
71 9842 0 0 158 
72 9842 0 0 158 
73 9842 0 0 158 
74 9842 0 0 158 
75 9842 0 0 158 
76 9842 0 0 158 
77 9842 0 0 158 
78 9842 0 0 158 
79 9842 0 0 158 
