0 9996 3 1 0 
1 9996 3 1 0 
2 9996 3 1 0 
3 9996 3 1 0 
4 9996 3 1 0 
5 9996 3 1 0 
6 9995 4 1 0 
7 9995 4 1 0 
8 9995 4 0 1 
9 9995 4 0 1 
10 9995 4 0 1 
11 9995 1 3 1 
12 9992 4 3 1 
13 9992 4 3 1 
14 9991 5 3 1 
15 9988 8 3 1 
16 9988 7 4 1 
17 9987 8 4 1 
18 9984 11 1 4 
19 9984 11 1 4 
20 9983 12 1 4 
21 9983 12 1 4 
22 9983 9 4 4 
23 9981 11 3 5 
24 9979 12 4 5 
25 9978 10 7 5 
26 9974 14 7 5 
27 9973 14 8 5 
28 9969 15 11 5 
29 9965 19 8 8 
30 9961 22 9 8 
31 9961 22 8 9 
32 9959 24 5 12 
33 9959 22 7 12 
34 9958 21 8 13 
35 9956 22 6 16 
36 9955 19 10 16 
37 9951 22 10 17 
38 9946 23 14 17 
39 9941 24 18 17 
40 9936 25 20 19 
41 9932 29 18 21 
42 9930 29 19 22 
43 9925 34 15 26 
44 9919 39 15 27 
45 9916 40 13 31 
46 9913 42 10 35 
47 9910 41 10 39 
48 9905 41 15 39 
49 9900 41 18 41 
50 9897 39 23 41 
51 9897 35 26 42 
52 9897 33 26 44 
53 9897 28 30 45 
54 9897 22 32 49 
55 9897 19 30 54 
56 9897 16 28 59 
57 9897 13 26 64 
58 9897 8 27 68 
59 9897 3 30 70 
60 9897 0 28 75 
61 9897 0 22 81 
62 9897 0 19 84 
63 9897 0 16 87 
64 9897 0 13 90 
65 9897 0 8 95 
66 9897 0 3 100 
67 9897 0 0 103 
68 9897 0 0 103 
69 9897 0 0 103 
70 9897 0 0 103 
71 9897 0 0 103 
72 9897 0 0 103 
73 9897 0 0 103 
74 9897 0 0 103 
75 9897 0 0 103 
76 9897 0 0 103 
77 9897 0 0 103 
78 9897 0 0 103 
79 9897 0 0 103 
