0 9995 4 1 0 
1 9995 4 1 0 
2 9994 5 1 0 
3 9993 6 1 0 
4 9993 6 1 0 
5 9992 7 1 0 
6 9990 9 1 0 
7 9990 9 1 0 
8 9990 9 0 1 
9 9990 9 0 1 
10 9990 9 0 1 
11 9990 5 4 1 
12 9988 6 5 1 
13 9984 9 6 1 
14 9981 12 6 1 
15 9978 14 7 1 
16 9974 16 9 1 
17 9970 20 9 1 
18 9968 22 5 5 
19 9967 23 4 6 
20 9966 24 3 7 
21 9966 24 3 7 
22 9964 24 4 8 
23 9963 21 6 10 
24 9961 20 9 10 
25 9958 20 12 10 
26 9954 20 16 10 
27 9951 19 20 10 
28 9944 24 22 10 
29 9936 31 21 12 
30 9928 38 18 16 
31 9926 40 15 19 
32 9925 39 14 22 
33 9923 40 11 26 
34 9922 39 9 30 
35 9914 44 10 32 
36 9911 43 13 33 
37 9907 44 15 34 
38 9902 42 22 34 
39 9889 47 28 36 
40 9883 45 35 37 
41 9869 57 35 39 
42 9867 58 33 42 
43 9858 65 31 46 
44 9857 65 29 49 
45 9852 62 30 56 
46 9844 67 25 64 
47 9839 68 21 72 
48 9829 73 24 74 
49 9822 67 36 75 
50 9805 78 40 77 
51 9805 64 53 78 
52 9805 62 47 86 
53 9805 53 53 89 
54 9805 52 50 93 
55 9805 47 50 98 
56 9805 39 45 111 
57 9805 34 44 117 
58 9805 24 40 131 
59 9805 17 45 133 
60 9805 0 53 142 
61 9805 0 52 143 
62 9805 0 47 148 
63 9805 0 39 156 
64 9805 0 34 161 
65 9805 0 24 171 
66 9805 0 17 178 
67 9805 0 0 195 
68 9805 0 0 195 
69 9805 0 0 195 
70 9805 0 0 195 
71 9805 0 0 195 
72 9805 0 0 195 
73 9805 0 0 195 
74 9805 0 0 195 
75 9805 0 0 195 
76 9805 0 0 195 
77 9805 0 0 195 
78 9805 0 0 195 
79 9805 0 0 195 
