0 9995 0 5 0 
1 9992 3 5 0 
2 9987 8 5 0 
3 9985 10 5 0 
4 9980 15 5 0 
5 9979 16 5 0 
6 9979 16 5 0 
7 9976 19 5 0 
8 9975 20 0 5 
9 9975 20 0 5 
10 9975 20 0 5 
11 9975 17 3 5 
12 9974 13 8 5 
13 9970 15 10 5 
14 9964 16 15 5 
15 9955 24 16 5 
16 9948 31 16 5 
17 9940 36 19 5 
18 9936 39 17 8 
19 9929 46 12 13 
20 9929 46 10 15 
21 9928 47 5 20 
22 9924 50 5 21 
23 9923 47 9 21 
24 9918 46 12 24 
25 9912 43 20 25 
26 9906 42 27 25 
27 9896 44 35 25 
28 9886 50 39 25 
29 9881 48 45 26 
30 9866 63 41 30 
31 9862 66 36 36 
32 9854 70 31 45 
33 9852 71 25 52 
34 9848 70 22 60 
35 9839 73 24 64 
36 9836 70 23 71 
37 9828 68 33 71 
38 9809 77 42 72 
39 9798 83 43 76 
40 9787 79 57 77 
41 9761 101 56 82 
42 9749 105 58 88 
43 9734 118 54 94 
44 9722 126 48 104 
45 9710 129 47 114 
46 9702 134 45 119 
47 9689 139 38 134 
48 9675 134 53 138 
49 9661 137 56 146 
50 9640 147 65 148 
51 9640 121 87 152 
52 9640 109 90 161 
53 9640 94 102 164 
54 9640 82 106 172 
55 9640 70 99 191 
56 9640 62 96 202 
57 9640 49 98 213 
58 9640 35 86 239 
59 9640 21 88 251 
60 9640 0 94 266 
61 9640 0 82 278 
62 9640 0 70 290 
63 9640 0 62 298 
64 9640 0 49 311 
65 9640 0 35 325 
66 9640 0 21 339 
67 9640 0 0 360 
68 9640 0 0 360 
69 9640 0 0 360 
70 9640 0 0 360 
71 9640 0 0 360 
72 9640 0 0 360 
73 9640 0 0 360 
74 9640 0 0 360 
75 9640 0 0 360 
76 9640 0 0 360 
77 9640 0 0 360 
78 9640 0 0 360 
79 9640 0 0 360 
