0 9994 4 2 0 
1 9994 4 2 0 
2 9992 6 2 0 
3 9992 6 2 0 
4 9990 8 2 0 
5 9988 10 2 0 
6 9987 11 2 0 
7 9987 11 2 0 
8 9987 11 0 2 
9 9987 11 0 2 
10 9987 11 0 2 
11 9987 7 4 2 
12 9985 7 6 2 
13 9981 11 6 2 
14 9976 14 8 2 
15 9973 15 10 2 
16 9971 16 11 2 
17 9967 20 11 2 
18 9965 22 7 6 
19 9962 25 5 8 
20 9962 25 5 8 
21 9962 25 3 10 
22 9960 25 3 12 
23 9959 22 6 13 
24 9956 20 11 13 
25 9949 24 14 13 
26 9943 28 16 13 
27 9939 28 20 13 
28 9934 31 22 13 
29 9930 32 23 15 
30 9925 37 19 19 
31 9921 41 14 24 
32 9917 43 13 27 
33 9912 47 12 29 
34 9910 46 11 33 
35 9905 44 16 35 
36 9901 42 19 38 
37 9898 41 23 38 
38 9888 46 28 38 
39 9879 51 30 40 
40 9873 52 34 41 
41 9860 61 35 44 
42 9852 65 32 51 
43 9845 67 31 57 
44 9842 68 29 61 
45 9833 72 29 66 
46 9827 74 29 70 
47 9816 82 27 75 
48 9813 75 33 79 
49 9801 78 38 83 
50 9787 86 39 88 
51 9787 73 50 90 
52 9787 65 53 95 
53 9787 58 56 99 
54 9787 55 56 102 
55 9787 46 55 112 
56 9787 40 52 121 
57 9787 29 57 127 
58 9787 26 47 140 
59 9787 14 51 148 
60 9787 0 58 155 
61 9787 0 55 158 
62 9787 0 46 167 
63 9787 0 40 173 
64 9787 0 29 184 
65 9787 0 26 187 
66 9787 0 14 199 
67 9787 0 0 213 
68 9787 0 0 213 
69 9787 0 0 213 
70 9787 0 0 213 
71 9787 0 0 213 
72 9787 0 0 213 
73 9787 0 0 213 
74 9787 0 0 213 
75 9787 0 0 213 
76 9787 0 0 213 
77 9787 0 0 213 
78 9787 0 0 213 
79 9787 0 0 213 
