0 9996 3 1 0 
1 9996 3 1 0 
2 9995 4 1 0 
3 9995 4 1 0 
4 9995 4 1 0 
5 9995 4 1 0 
6 9994 5 1 0 
7 9992 7 1 0 
8 9992 7 0 1 
9 9992 7 0 1 
10 9992 7 0 1 
11 9992 4 3 1 
12 9991 4 4 1 
13 9989 6 4 1 
14 9982 13 4 1 
15 9982 13 4 1 
16 9981 13 5 1 
17 9978 14 7 1 
18 9977 15 4 4 
19 9976 16 3 5 
20 9976 16 3 5 
21 9976 16 3 5 
22 9976 15 4 5 
23 9976 13 5 6 
24 9974 8 10 8 
25 9969 13 10 8 
26 9965 16 11 8 
27 9964 14 14 8 
28 9960 17 15 8 
29 9954 22 15 9 
30 9950 26 13 11 
31 9949 27 6 18 
32 9948 28 6 18 
33 9945 31 5 19 
34 9945 29 4 22 
35 9945 24 8 23 
36 9942 23 11 24 
37 9940 24 12 24 
38 9938 22 16 24 
39 9934 20 22 24 
40 9924 26 26 24 
41 9916 33 25 26 
42 9911 37 21 31 
43 9907 38 20 35 
44 9902 43 19 36 
45 9895 50 15 40 
46 9890 52 12 46 
47 9884 56 10 50 
48 9883 55 11 51 
49 9880 54 14 52 
50 9870 54 21 55 
51 9870 46 29 55 
52 9870 41 34 55 
53 9870 37 35 58 
54 9870 32 38 60 
55 9870 25 43 62 
56 9870 20 44 66 
57 9870 14 40 76 
58 9870 13 33 84 
59 9870 10 31 89 
60 9870 0 37 93 
61 9870 0 32 98 
62 9870 0 25 105 
63 9870 0 20 110 
64 9870 0 14 116 
65 9870 0 13 117 
66 9870 0 10 120 
67 9870 0 0 130 
68 9870 0 0 130 
69 9870 0 0 130 
70 9870 0 0 130 
71 9870 0 0 130 
72 9870 0 0 130 
73 9870 0 0 130 
74 9870 0 0 130 
75 9870 0 0 130 
76 9870 0 0 130 
77 9870 0 0 130 
78 9870 0 0 130 
79 9870 0 0 130 
