0 9997 1 2 0 
1 9997 1 2 0 
2 9994 4 2 0 
3 9993 5 2 0 
4 9992 6 2 0 
5 9990 8 2 0 
6 9990 8 2 0 
7 9990 8 2 0 
8 9990 8 0 2 
9 9990 8 0 2 
10 9990 8 0 2 
11 9990 7 1 2 
12 9990 4 4 2 
13 9990 3 5 2 
14 9990 2 6 2 
15 9988 2 8 2 
16 9984 6 8 2 
17 9980 10 8 2 
18 9978 12 7 3 
19 9976 14 4 6 
20 9976 14 3 7 
21 9976 14 2 8 
22 9976 14 0 10 
23 9976 14 0 10 
24 9976 14 0 10 
25 9976 12 2 10 
26 9975 9 6 10 
27 9974 6 10 10 
28 9970 8 12 10 
29 9965 11 14 10 
30 9959 17 14 10 
31 9955 21 14 10 
32 9951 25 12 12 
33 9950 26 8 16 
34 9948 28 4 20 
35 9948 28 2 22 
36 9948 27 1 24 
37 9947 27 2 24 
38 9947 23 6 24 
39 9944 21 11 24 
40 9941 18 17 24 
41 9936 19 21 24 
42 9931 20 25 24 
43 9923 27 25 25 
44 9909 39 26 26 
45 9903 45 22 30 
46 9901 47 17 35 
47 9898 49 12 41 
48 9893 54 8 45 
49 9891 53 7 49 
50 9887 54 9 50 
51 9887 49 12 52 
52 9887 44 17 52 
53 9887 36 25 52 
54 9887 22 38 53 
55 9887 16 44 53 
56 9887 14 43 56 
57 9887 11 43 59 
58 9887 6 43 64 
59 9887 4 40 69 
60 9887 0 36 77 
61 9887 0 22 91 
62 9887 0 16 97 
63 9887 0 14 99 
64 9887 0 11 102 
65 9887 0 6 107 
66 9887 0 4 109 
67 9887 0 0 113 
68 9887 0 0 113 
69 9887 0 0 113 
70 9887 0 0 113 
71 9887 0 0 113 
72 9887 0 0 113 
73 9887 0 0 113 
74 9887 0 0 113 
75 9887 0 0 113 
76 9887 0 0 113 
77 9887 0 0 113 
78 9887 0 0 113 
79 9887 0 0 113 
