0 9995 3 2 0 
1 9993 5 2 0 
2 9991 7 2 0 
3 9990 8 2 0 
4 9990 8 2 0 
5 9990 8 2 0 
6 9990 8 2 0 
7 9990 8 2 0 
8 9990 8 0 2 
9 9990 8 0 2 
10 9990 8 0 2 
11 9990 3 5 2 
12 9983 8 7 2 
13 9982 8 8 2 
14 9977 13 8 2 
15 9976 14 8 2 
16 9972 18 8 2 
17 9972 18 8 2 
18 9971 19 3 7 
19 9971 19 1 9 
20 9971 19 0 10 
21 9971 19 0 10 
22 9971 12 7 10 
23 9967 15 8 10 
24 9964 13 13 10 
25 9959 17 14 10 
26 9954 18 18 10 
27 9946 26 18 10 
28 9943 28 19 10 
29 9940 31 12 17 
30 9937 34 11 18 
31 9936 35 6 23 
32 9933 38 5 24 
33 9933 34 5 28 
34 9931 33 8 28 
35 9928 31 12 29 
36 9922 32 17 29 
37 9918 28 25 29 
38 9905 38 28 29 
39 9897 43 31 29 
40 9890 47 30 33 
41 9883 53 28 36 
42 9874 59 26 41 
43 9868 65 21 46 
44 9858 73 15 54 
45 9853 75 15 57 
46 9848 74 18 60 
47 9842 76 19 63 
48 9835 70 31 64 
49 9826 71 36 67 
50 9817 73 43 67 
51 9817 66 48 69 
52 9817 57 54 72 
53 9817 51 54 78 
54 9817 41 60 82 
55 9817 36 52 95 
56 9817 31 49 103 
57 9817 25 48 110 
58 9817 18 48 117 
59 9817 9 48 126 
60 9817 0 51 132 
61 9817 0 41 142 
62 9817 0 36 147 
63 9817 0 31 152 
64 9817 0 25 158 
65 9817 0 18 165 
66 9817 0 9 174 
67 9817 0 0 183 
68 9817 0 0 183 
69 9817 0 0 183 
70 9817 0 0 183 
71 9817 0 0 183 
72 9817 0 0 183 
73 9817 0 0 183 
74 9817 0 0 183 
75 9817 0 0 183 
76 9817 0 0 183 
77 9817 0 0 183 
78 9817 0 0 183 
79 9817 0 0 183 
